"","1","2","3","4","5","6","7","8","9","10","11","12","13","14","15","16","17","18","19","20","21","22","23","24","25","26","27","28","29","30","31","32","33","34","35","36","37","38","39","40","41","42","43","44","45","46","47","48","49","50","51","52","53","54","55","56","57","58","59","60","61","62","63","64","65","66","67","68","69","70","71","72","73","74","75","76","77","78","79","80","81","82","83","84","85","86","87","88","89","90","91","92","93","94"
"1",1,0.955821095151325,0.993044931164965,0.924837507251503,0.67199644395976,0.988838367380223,0.957892498605632,0.921552743396961,0.784415936138623,0.913977317688011,0.779211247356624,0.49279219991768,0.936289483887867,0.991834664110245,0.991809592640246,0.99177916518537,0.991655244145209,0.992573373889926,0.00783267392007847,0.992090151015119,0.900716123382979,0.859135573427113,0.891016831308814,0.0336482721601679,0.79478360704013,0.868537611919601,0.812433840601565,0.546253688129075,0.93534139387597,0.807920685017881,0.995334471320187,0.99238793803519,0.989766672875154,0.2430724685842,0.0277232328698611,0.456734183279447,0.992166685895274,0.991581315875042,0.36085616551,0.99288564997532,0.686886744248787,0.0165170519200826,0.827902308699302,0.88756512987,0.93329659005,0.847527189444574,0.688576905486886,0.878137481199265,0.875498800796868,0.869175747123925,0.992020368865359,0.844638374808884,0.767480955083838,0.991862231990244,0.74344357961398,0.949774425496758,0.933951013205991,0.812238129199694,0.578642193383961,0.742729149733714,0.750990657846245,0.854544967761455,0.81832613010545,0.88676490963,0.820946917225895,0.913447310398029,0.172763121937409,0.422072959705228,0.0706540025692936,0.75900431056241,0.964467573825178,0.686484626899405,0.877695742280504,0.335370759813293,0.866912600605323,0.818375604165449,0.85506376789,0.288708693166903,0.990097558015149,0.977894385361105,0.9933246262302,0.961927123355952,0.99170073244529,0.992577835650297,0.811289158451605,0.846079920056157,0.94752465158105,0.99190853764504,0.992288015975193,0.992487106005338,0.92240522193388,0.991611947680084,0.896403445198626,0.99194395201504
"2",0.955821095151325,1,0.952470360284287,0.938052946510619,0.671983458706481,0.960148905300398,0.954975361095225,0.924357147076135,0.787131484466386,0.939470428016513,0.785553315254289,0.518794064312218,0.94942699253677,0.951223190230975,0.951247837320975,0.951163885836709,0.951052577375734,0.951971488859039,0.0439210670008783,0.951148872875244,0.899924282062002,0.861853576715691,0.894203312267645,0.034133324570512,0.797464650428038,0.887733890237807,0.830162187319246,0.548841959664512,0.945880456635271,0.810539290305947,0.954775560811357,0.951524190945727,0.957580007195212,0.260594218745667,0.053609187800268,0.45912764152393,0.95118833229622,0.950990263294755,0.404082814994041,0.951366494076702,0.687836326595608,0.0396577408805948,0.851808133827223,0.890251939748902,0.956580759579566,0.850213999322996,0.709106897064182,0.877412638838065,0.877879635545611,0.891762593382165,0.951218580876707,0.847256980097291,0.792485915131887,0.951260304050975,0.746049945731349,0.966044143895849,0.946173886495269,0.828464840487573,0.586320613469479,0.74534775502118,0.774274827373871,0.85381214631,0.821687037263566,0.889383514918894,0.823565522514118,0.917690643807058,0.198661382579007,0.444459939238889,0.0829692517000001,0.78488261209,0.957633039294788,0.704115569595918,0.902939227678397,0.340488243506595,0.883915781413482,0.84098567641318,0.877673840138777,0.331795358456774,0.954285464285229,0.957571267021697,0.952185677220956,0.96263621944556,0.951123054906222,0.951576854551453,0.813961874729651,0.84832694837455,0.96598972765034,0.951399896124757,0.951426242065729,0.952087120456677,0.925152874442994,0.9510251427,0.908344566307291,0.951316822604757
"3",0.993044931164965,0.952470360284287,1,0.920657123403016,0.67202367757,0.985514596094638,0.955422590358663,0.918315524668366,0.781422419963907,0.909739746099097,0.777765576161667,0.488605373399772,0.93334679005,0.997575143854964,0.997575268474964,0.99739772396,0.997318499499946,0.997969560864888,0.004381008050241,0.997510916069925,0.8999724784235,0.856125972295684,0.889576444658896,0.0301095817515054,0.791244916665825,0.867098858108671,0.808141258438081,0.543225086263581,0.931165618407935,0.804398812164132,0.996276040744981,0.995756644329915,0.986952808019609,0.239740630055205,0.0239972527609599,0.45311499078,0.997410148819974,0.99724457122989,0.356919987116061,0.99561513113,0.685394936339719,0.0162023244508102,0.823761618906475,0.884032205989781,0.932598866981967,0.84399426556266,0.684395363517642,0.877292651318773,0.874575671836237,0.867739968853016,0.99759733265,0.841116501956822,0.763306337718165,0.997571056314964,0.740448138067405,0.946370632799464,0.929713441617891,0.808045536206161,0.57445075849,0.73920727687696,0.750292934770012,0.853233566669863,0.815587291052234,0.883243036779746,0.817425044372697,0.909215505299092,0.168551679305057,0.420440288554204,0.0659190096123072,0.754773176806417,0.961767946888471,0.683081992300246,0.87351007389,0.331230069998281,0.865426077244327,0.816883796262253,0.853571959988411,0.285000105940025,0.987779199409633,0.974359819695128,0.993025934774895,0.95900497022918,0.997367079249974,0.997840948694989,0.807755076458078,0.841470846504207,0.944854005753621,0.997557894699902,0.997621389529952,0.99784319684,0.919125101585405,0.997377999994908,0.892599272128926,0.997706262489908
"4",0.924837507251503,0.938052946510619,0.920657123403016,1,0.679270381243018,0.92779656843,0.944681126644723,0.945233836385274,0.815453173603691,0.971254956685431,0.820100364691799,0.528186261187359,0.936220376996594,0.919515107320805,0.919505587240805,0.919467609987013,0.919348603415403,0.920206277557606,0.022963793130689,0.919693216354598,0.920799401540792,0.883406969704417,0.936814059775948,0.0523776351013095,0.854346615755728,0.924618831546131,0.875923422636861,0.57852228701,0.957532380104788,0.865184983734326,0.92349323983153,0.919888927015401,0.927301220754637,0.259579217328319,0.0784678801211771,0.481468361567963,0.919855518406202,0.919264042803789,0.406132584058123,0.923671272436908,0.719861017541206,0.0271815843106796,0.866718617345666,0.928097153978562,0.956764495369135,0.904764962320952,0.73101180222193,0.926574628296101,0.891663560684458,0.899818767111002,0.919506040837012,0.90190267352549,0.826098442250653,0.919444637030806,0.789072789648164,0.93929849676591,0.978140905734891,0.851757502655741,0.646302843423842,0.784038553109601,0.787031457961806,0.90702708615907,0.851827464111482,0.944029208348881,0.878211215943173,0.94334092579585,0.20794497646104,0.469946324612951,0.113892749521139,0.827154077698272,0.934308785014015,0.717847455112822,0.936745060036581,0.36955602826,0.930289413801394,0.859141294471409,0.899353694987987,0.323895925150566,0.922946778474615,0.939557023371813,0.920912533400791,0.927805050765361,0.919413880226209,0.920123839191597,0.836080619267459,0.850090510762998,0.92384741931,0.919608089093794,0.9199757868554,0.920147393346996,0.92833981214215,0.919321712239193,0.941630215415876,0.919566058903794
"5",0.67199644395976,0.671983458706481,0.67202367757,0.679270381243018,1,0.672049901663199,0.671976239956561,0.673623605659791,0.671798864569769,0.678910252082844,0.671948396136482,0.487437317185377,0.672023677536399,0.671945516256482,0.671961705526481,0.671848708946407,0.671814009529846,0.671912559653359,0.00309038554001539,0.671859974536563,0.671909737636483,0.671826883286563,0.673453361383062,0.02936097122,0.679918522699602,0.671948396133122,0.671976239943121,0.542133365086447,0.671969021186561,0.671798864586564,0.672023677539759,0.67200284441984,0.671872351586563,0.566882311480318,0.022868574539771,0.45260981901737,0.671881561553125,0.671800263613282,0.355850485638221,0.671976239936401,0.671948396116323,0.0151152195400001,0.671969021179841,0.671798864596641,0.67194323989664,0.671798864576487,0.678989097313395,0.68773915158249,0.67199583374656,0.671948396136482,0.671983392196401,0.671798864579846,0.6719690212,0.671888225306484,0.671798864573128,0.671963864913121,0.677321231136454,0.678291073989651,0.71560524766422,0.6717988646,0.671943239893281,0.671948396149921,0.671793708316487,0.671798864596641,0.671798864593282,0.671969021173121,0.167206049096656,0.419126132553235,0.0647477435290291,0.685667651329715,0.671814733853282,0.671963864916481,0.671969021166402,0.33000895729175,0.692646208078831,0.671948396136482,0.67194839615664,0.283193768775929,0.672031252646559,0.671970290863042,0.671911121556483,0.67200976924984,0.671829590663127,0.67199823439976,0.671798864573128,0.672023677539759,0.6720042988332,0.671853840363281,0.671886192919844,0.671820520866409,0.672040586993038,0.671845097589922,0.672060386933118,0.671846631233282
"6",0.988838367380223,0.960148905300398,0.985514596094638,0.92779656843,0.672049901663199,1,0.957132177304786,0.924412510675378,0.78700681836426,0.916916772816246,0.778591474182214,0.495755144767521,0.936417351746589,0.984383314900156,0.984301540220157,0.984218205055394,0.984149493505079,0.985070921019552,0.0122933617703689,0.984262713044921,0.899749033901003,0.861790919604309,0.890461224166643,0.0338806461808471,0.797395978136013,0.867951284376981,0.815197419147772,0.54887801598,0.938330864574692,0.810554244404053,0.987854942370243,0.984584522255077,0.990983924824955,0.246577710058904,0.0307087886404606,0.459278554608518,0.984235779085237,0.984135875594762,0.364697212677294,0.984382643485391,0.686273890862549,0.016716851480418,0.828519216205857,0.890156012097803,0.933571775708671,0.850118071671499,0.691604016370748,0.877225952446842,0.875767216784379,0.868634398181314,0.984345633465391,0.847255782875764,0.770418527389261,0.984341487650157,0.746067907468809,0.953598883555696,0.936162853834681,0.814278336275928,0.581545869565461,0.745346557798634,0.751265843501269,0.853626942998536,0.821805051371782,0.889382317697788,0.823564325292353,0.916365276656254,0.175719748200879,0.421274579573681,0.0723853916307239,0.76196567833762,0.96801447383452,0.690257186563098,0.879650310058009,0.33832678487,0.866347761932673,0.817762750781822,0.854450914507089,0.292392525372456,0.987354733964937,0.979968226800601,0.985241738190148,0.965900572835171,0.984156431615238,0.984596759050308,0.813948090387791,0.848327155933033,0.94952581016,0.984387758584766,0.984409755695078,0.985109343785372,0.925108895812247,0.984227308329842,0.899260463936511,0.984446136304767
"7",0.957892498605632,0.954975361095225,0.955422590358663,0.944681126644723,0.671976239956561,0.957132177304786,1,0.93209717734,0.801738494547974,0.923311244690767,0.820942269295895,0.53151828129,0.937828440081243,0.954262397045229,0.954234687375229,0.954212664610916,0.95408297708,0.954956695743423,0.00735310349025742,0.954504848439545,0.940124650435299,0.869759344938698,0.928074031450719,0.0335589218610068,0.82295068042,0.909753758720902,0.852117290811479,0.584511056502923,0.974642321869747,0.846171133608462,0.957282549465641,0.95492869778,0.955905871599559,0.245664450100173,0.0670648025413413,0.494734090020105,0.954554053410454,0.95399099651908,0.364770672829119,0.958559872280829,0.728076365204517,0.0179108414205373,0.86662147029,0.925789052623145,0.934981286833375,0.885751112195571,0.727323746215456,0.918231367870818,0.882814914218828,0.909797164965451,0.954785562910904,0.8828888234,0.806821371474205,0.954247414555229,0.781700947992183,0.94896905686051,0.95497254134955,0.85095844409,0.617950317437641,0.780979598323429,0.753223675395065,0.89465961378342,0.817045128675915,0.925015358223125,0.859197365817184,0.94498028236055,0.211825317332118,0.436105705945639,0.0862098645212931,0.795067172601926,0.955365961049107,0.686267067426569,0.91700963283166,0.37408992139187,0.908122980916378,0.859565225125702,0.89680170962242,0.327731676441974,0.957323494709573,0.969476684165763,0.955712188555221,0.95641798027,0.954121545590459,0.954956420695676,0.849473592801505,0.84399245378734,0.945622395354728,0.954291998249086,0.95468114998,0.954887159800902,0.919848189757004,0.954039680614311,0.906405089100936,0.954323936439087
"8",0.921552743396961,0.924357147076135,0.918315524668366,0.945233836385274,0.673623605659791,0.924412510675378,0.93209717734,1,0.831272242409218,0.937854541611243,0.802280993937966,0.524281927564757,0.937470481101876,0.916135530296258,0.916121645706258,0.91600206890252,0.915874414400841,0.916772865982919,0.0544478569413613,0.91647057177,0.912835421686307,0.9022123335,0.914197392271716,0.0455773764709116,0.841478650051585,0.883125618442338,0.856539466892869,0.570979054227145,0.94122781771,0.85164048829,0.920179413996996,0.916724768870833,0.92942811977,0.283103475915845,0.0724825465907246,0.493749362085188,0.916385067371672,0.915778239599158,0.406347027276095,0.920364317892389,0.701448224928435,0.0311544095806232,0.844666592581553,0.912089398973681,0.921249917083819,0.873195726446902,0.734175794438354,0.893939447652121,0.89264929313,0.880115594406798,0.916816949952496,0.869480847741305,0.810962335416219,0.916099875286258,0.773723968874526,0.943366773721133,0.94034034748,0.827346642781727,0.601226440831963,0.791188856585824,0.763078758687631,0.871672454844358,0.857936939007131,0.916064587383741,0.84899103833849,0.957027578590859,0.22631610493,0.450028819630999,0.119373733490597,0.788306668413942,0.927498521599275,0.714576233429281,0.897743771043068,0.380973629188095,0.883109206277922,0.832937084847506,0.872079968933081,0.345685992677531,0.92298904379,0.933789642537317,0.91797044311623,0.948272044160517,0.915930248311681,0.916778106077081,0.831866333713363,0.888600702087785,0.92410844262538,0.916157806689162,0.916509421050835,0.9166744728425,0.93571501517725,0.91595296324458,0.944725827631105,0.916217925629162
"9",0.784415936138623,0.787131484466386,0.781422419963907,0.815453173603691,0.671798864569769,0.78700681836426,0.801738494547974,0.831272242409218,1,0.807013289221755,0.809917228305703,0.529494920346763,0.785681631494644,0.780365093486589,0.780429694146587,0.780416479364881,0.780316752570492,0.781111260027811,0.0306714587403066,0.78066778760829,0.799482717306016,0.875471729786868,0.808935454071687,0.190826043450954,0.943969951466401,0.800420961711985,0.836043279310738,0.574650581128507,0.810797696737838,0.864268011107036,0.783546305778658,0.780671631520483,0.789530009108157,0.272102330572313,0.0700580131596497,0.499080132177541,0.780774291042673,0.780236386196099,0.40311162286,0.784479722154699,0.705956430527643,0.015013926510075,0.827143131719321,0.82736758832,0.78147768363,0.824730928675258,0.743384692987434,0.801662259141942,0.798050078088029,0.799179664286025,0.780352870684884,0.833270917329168,0.822816649424114,0.780693619386579,0.777395495772791,0.807287678111745,0.807705076837884,0.806247167249844,0.607621699622657,0.797840998793989,0.766253040716169,0.833452049811665,0.877273836863682,0.83074622464,0.838588900665807,0.829402558130971,0.213776788986794,0.43371620125482,0.114426112328856,0.789959210942101,0.818490216785908,0.869607936843912,0.817650631233206,0.391761439632165,0.800420961707983,0.80166225914595,0.80349722058,0.331640670333469,0.784478433978233,0.800420694959979,0.781814851396546,0.800194024919995,0.780358345092688,0.780981828818761,0.813072782501542,0.809474677787621,0.784677480014307,0.780587852856097,0.780901719310477,0.781136797084849,0.798818829940059,0.780289317892197,0.819958017821302,0.780562903216097
"10",0.913977317688011,0.939470428016513,0.909739746099097,0.971254956685431,0.678910252082844,0.916916772816246,0.923311244690767,0.937854541611243,0.807013289221755,1,0.811365536799716,0.537680990579246,0.927361116242906,0.908635311707284,0.908620538697285,0.908587814373656,0.908468807801831,0.90931535638364,0.0353235706705299,0.908817598960912,0.910155148847246,0.875507683011245,0.919718659482408,0.0484202273504842,0.849982004193,0.926485572012205,0.871933793133842,0.568113123721478,0.936243421210638,0.850736656731493,0.912613444218059,0.90900913140182,0.916502348200835,0.259341529734439,0.0803272555199998,0.471059198281158,0.908962656272731,0.90838424719,0.427242273382136,0.912773274273489,0.717006285190565,0.0396146657003962,0.869117391462618,0.918308312474592,0.961129106934806,0.897951989317551,0.733636798741005,0.923359766792299,0.88803578082112,0.90159721943746,0.908626245223655,0.887454346522251,0.820458001048205,0.908869307457278,0.77866362635664,0.938387078001848,0.962468537590375,0.852620151902948,0.639643304674414,0.768761576287688,0.80806022422,0.892497836095538,0.850677714038733,0.929580881344648,0.86376288894,0.93465646684196,0.209804351857902,0.482702681355519,0.104892611519475,0.831629192435842,0.91649488025,0.726053514481849,0.939143834152434,0.362364139674565,0.929608694097464,0.868555100798286,0.908767501314544,0.325793332835565,0.912076722250879,0.925267443058363,0.910037771157249,0.91700842430166,0.908511618492745,0.909261934198176,0.833306809975001,0.850199891120243,0.912967623696305,0.90867885169,0.909057233971819,0.909276162883629,0.925570819988349,0.908441916625458,0.941405377631758,0.90871080542
"11",0.779211247356624,0.785553315254289,0.777765576161667,0.820100364691799,0.671948396136482,0.778591474182214,0.820942269295895,0.802280993937966,0.809917228305703,0.811365536799716,1,0.567854468891482,0.788310494022409,0.77699615428446,0.777061409994459,0.777019708952804,0.776912645488346,0.77700491020554,0.0113564003702271,0.777249250206114,0.875581125832488,0.797113001826014,0.833541202329162,0.0485310873107279,0.827872816777582,0.838538452999037,0.908552729157286,0.741920993422581,0.832511933515837,0.870835985715646,0.778760700126637,0.777245491738341,0.776848140896116,0.24436447385656,0.231798761901159,0.644739822897434,0.777389312380565,0.776848140903884,0.382509554653825,0.781197479952658,0.890705788865465,0.0232328925703488,0.862079947657069,0.855793962398558,0.794195945377942,0.869332950942613,0.881729939327635,0.829633270089259,0.796784159646016,0.851062855182979,0.777079048242802,0.846706899557299,0.940099208804101,0.777237002774455,0.940537857926486,0.787116402890322,0.818138414265909,0.907607291696386,0.76199600128333,0.917837014463768,0.773511042513868,0.85100635199,0.795687915044086,0.84799989717848,0.870925863134355,0.817748272289556,0.367743153988161,0.449245731098769,0.0931219188900001,0.80789133073,0.781859037733909,0.710851457255783,0.850460058000234,0.436208388905638,0.842392278874728,0.890213724022196,0.84397435719844,0.483703282876141,0.778294982196109,0.790905124788364,0.777549792834449,0.777382710478339,0.776990426290575,0.777544682496674,0.893434697217664,0.778553302696643,0.77703661324223,0.777080302373885,0.777406891528339,0.777005525422805,0.781980051898721,0.77685365462,0.804925514169877,0.776918566143885
"12",0.49279219991768,0.518794064312218,0.488605373399772,0.528186261187359,0.487437317185377,0.495755144767521,0.53151828129,0.524281927564757,0.529494920346763,0.537680990579246,0.567854468891482,1,0.504633146334861,0.487483778052688,0.487483014252688,0.487443850935377,0.487321745685127,0.488170869532204,0.367319499379183,0.48768635994,0.559248246801611,0.52478157035,0.550457381498991,0.036252450010725,0.547771883274522,0.55299061476894,0.59449607812811,0.56794775891716,0.5518947183,0.57965517241,0.490931737507727,0.487865014415122,0.49653500222,0.270021126456499,0.139645779761396,0.544835797213655,0.487789084040244,0.487241379304873,0.423650458096355,0.491024297795269,0.570056576854348,0.392780418307856,0.626918268383731,0.572257053288584,0.517489686307762,0.580423264751294,0.599009587854975,0.540295406019194,0.49809987105,0.620350314410695,0.487476409995376,0.554125072694459,0.603464696232069,0.487726388352684,0.57350278206853,0.534622696869308,0.53264883786,0.595644366354044,0.581782808412546,0.579655172421593,0.541218892595412,0.547474539922737,0.50931034481236,0.559875275128398,0.590680442215907,0.546678938769067,0.32166572638,0.463777089780725,0.106268320560531,0.637484419523187,0.496042661864961,0.529182168772062,0.584031675992479,0.437070159537815,0.554657109626133,0.612310010020815,0.601524959539023,0.535154216215215,0.49092395292,0.50742976344224,0.488842998022668,0.507553900364925,0.487369757100253,0.488127561517797,0.590127204188197,0.511002985407225,0.491833251007541,0.487535880414875,0.487922861285121,0.488123589265356,0.51286026983205,0.487294311002436,0.53102366675938,0.487559359934876
"13",0.936289483887867,0.94942699253677,0.93334679005,0.936220376996594,0.672023677536399,0.936417351746589,0.937828440081243,0.937470481101876,0.785681631494644,0.927361116242906,0.788310494022409,0.504633146334861,1,0.931657249717392,0.931560896147395,0.931549529783422,0.931409185852058,0.932349657894662,0.0630818682203155,0.93201698810136,0.901266012798456,0.859742325152805,0.896549036044138,0.03490820103,0.796043535906119,0.882854765984686,0.831646308436734,0.54761559065631,0.94302646730114,0.808706720793826,0.936166400687872,0.932262485452032,0.938104337271238,0.24543140556282,0.0445686990795541,0.458055083327097,0.931921639482723,0.931335257580687,0.376705302998117,0.93379294766331,0.69015331193514,0.0742854745299999,0.839736335324808,0.888324639805558,0.94594048845527,0.84828669938031,0.700944796673505,0.879729624174811,0.882776999942344,0.881874699119134,0.932388120073381,0.845424410584637,0.78038394076,0.931640926347392,0.744236535180231,0.94726120941211,0.944856186951103,0.824073309125278,0.58439331353078,0.74402137093,0.764656226372354,0.856157870087158,0.819036349201334,0.887550945405562,0.821732953001783,0.915829335853367,0.226318610055474,0.477311512940908,0.0724621754589132,0.771903836348421,0.933729500700663,0.699285270055525,0.890572202115471,0.337979717181551,0.880648219320371,0.832090463530877,0.868778627255656,0.344213829220742,0.940951527951181,0.935535464788545,0.937047766587203,0.948441228921547,0.931447754362742,0.932392358618042,0.81101315496756,0.884575451640194,0.93639552862659,0.931757933820682,0.932080566922038,0.932474605513376,0.921116968819339,0.931722075616024,0.915462691903382,0.931739777330683
"14",0.991834664110245,0.951223190230975,0.997575143854964,0.919515107320805,0.671945516256482,0.984383314900156,0.954262397045229,0.916135530296258,0.780365093486589,0.908635311707284,0.77699615428446,0.487483778052688,0.931657249717392,1,0.999063983630019,0.99970663028501,0.999664726455005,0.999152075499983,0.0031154394200622,0.999385252525003,0.899790578062004,0.855157960805724,0.888839658557779,0.029142350790437,0.790735578378139,0.866355964478341,0.806928008629827,0.542236291104578,0.93005949785535,0.803887787715981,0.995074860640148,0.995420821935069,0.986439432515068,0.239060688586852,0.0224763966201124,0.452592541284159,0.999427687345014,0.999607314794998,0.355515820223555,0.995406840605161,0.684678570965766,0.0149485223502241,0.822586967047661,0.883505706728835,0.93195071434932,0.843467766303131,0.683306403943666,0.877241599508069,0.873318905995633,0.867039078282659,0.997900021745073,0.840605477507391,0.762147160671432,0.99951880488001,0.739426182591514,0.945301775376368,0.928609007225357,0.806941101817896,0.573293267609935,0.738696252431081,0.749644782143748,0.8524796196,0.815129004543697,0.882732012328827,0.816914019924085,0.908093909937298,0.167272683539163,0.41919862403952,0.0647553472800001,0.75368421723,0.961322275684807,0.681960078386361,0.872335422029468,0.330055418156699,0.864742347644058,0.816167430883677,0.852855594608529,0.283207843290175,0.986513191625067,0.973781052411049,0.992068965350159,0.958205246665627,0.999671664565008,0.999157119350025,0.807281633699818,0.840688210814779,0.944305519830557,0.999628933334998,0.999382662105009,0.998957408335037,0.917300574693308,0.99957764913,0.890979567487726,0.999659332444998
"15",0.991809592640246,0.951247837320975,0.997575268474964,0.919505587240805,0.671961705526481,0.984301540220157,0.954234687375229,0.916121645706258,0.780429694146587,0.908620538697285,0.777061409994459,0.487483014252688,0.931560896147395,0.999063983630019,1,0.999062235585033,0.998944263265016,0.999037060839981,0.00308772975006177,0.998968287595005,0.899694237582006,0.855055210635725,0.888850306827779,0.0291328307104369,0.790694944568139,0.86641596725834,0.806905551889827,0.542295638834577,0.93005873405535,0.803861163115981,0.995067960950148,0.995386519725069,0.986337710855068,0.238963589636857,0.0223842288701119,0.452519708674162,0.998976120565026,0.998871715064994,0.355592272473556,0.995404888275161,0.684738573745763,0.0148381595702227,0.822591456177661,0.883479082128835,0.93198182807932,0.843441141703131,0.683291630933666,0.877256479348069,0.873315517805633,0.867099081062658,0.997913701725073,0.840578852907391,0.762151649801432,0.99899712710002,0.739485530321513,0.945272122526368,0.928594234215357,0.806926328807896,0.573283747529935,0.73866962783108,0.749675895873748,0.85254487531,0.815073490893699,0.882705387728827,0.816887395324084,0.908093146137298,0.167329510699163,0.419176167299521,0.0649928908899999,0.75366944422,0.961257298484806,0.681935678466361,0.872339911159468,0.330059907286699,0.864788341214056,0.816227433663675,0.852915597388529,0.283262602600172,0.986555425585067,0.97375770201105,0.991936596420161,0.958175834275627,0.998971097925026,0.999137301020026,0.807249756169819,0.840644565054781,0.944277808640557,0.998980171064995,0.999034099835015,0.998923269175038,0.917372982283305,0.99890659996,0.890871090627728,0.998941453024995
"16",0.99177916518537,0.951163885836709,0.99739772396,0.919467609987013,0.671848708946407,0.984218205055394,0.954212664610916,0.91600206890252,0.780416479364881,0.908587814373656,0.777019708952804,0.487443850935377,0.931549529783422,0.99970663028501,0.999062235585033,1,0.999722311280008,0.999083535554995,0.00301781721001526,0.999469289380011,0.899693405918511,0.855146054912897,0.888835773664447,0.02909485347,0.790778383776277,0.866379519145345,0.806878276197725,0.542287676986443,0.9300195707314,0.803971198173921,0.995055180675222,0.995382777430138,0.986359640830273,0.239049137323266,0.0223655062297763,0.452617016257369,0.99950904656002,0.999632339190004,0.355470398808222,0.995377612580231,0.684702125635494,0.0147294261000001,0.822547039925324,0.883565673095582,0.931870002365341,0.843527732670476,0.683272759943416,0.877338295934906,0.873284473162534,0.867053042189653,0.997866264710107,0.84066544387478,0.76211682431,0.999466675115019,0.739477568470421,0.945157581602194,0.928561509891429,0.806884013725793,0.573245770281338,0.7387562188,0.749564070162504,0.852503174267212,0.815084704261472,0.882791978695586,0.81697398629183,0.908063573573677,0.167214370626656,0.419148891613234,0.0647984847390282,0.753636719898695,0.961279213420387,0.681825475376136,0.872305085666385,0.330015491041749,0.864748741341086,0.816190985551433,0.852879149275735,0.283138680875933,0.986435848780271,0.973720701796445,0.99199635371528,0.958146529861256,0.99976288826001,0.999093908525041,0.807355453397706,0.840633198692171,0.944183935466395,0.999681366770003,0.999398258280018,0.999017374700049,0.91726725880955,0.999568148935006,0.890869550184365,0.999516540770005
"17",0.991655244145209,0.951052577375734,0.997318499499946,0.919348603415403,0.671814009529846,0.984149493505079,0.95408297708,0.915874414400841,0.780316752570492,0.908468807801831,0.776912645488346,0.487321745685127,0.931409185852058,0.999664726455005,0.998944263265016,0.999722311280008,1,0.999025139854976,0.00293601945007316,0.9993723512,0.899575524416506,0.85504955648,0.888693323002226,0.0289758468805794,0.790691346412093,0.866272455682675,0.806748588663865,0.542187950187289,0.92989746549,0.80384802729,0.994912828275127,0.995241401970048,0.98633904981,0.238916030708054,0.0222412488102224,0.452505472696425,0.999431636590011,0.999903825199999,0.35534073582533,0.995247925050143,0.684595062169193,0.0146875222502938,0.822424934681776,0.883465946303252,0.931828442413977,0.843428005877349,0.683139900037079,0.877275891112455,0.8731667533,0.866955569486996,0.997795401250066,0.840565717081594,0.76198512830524,0.999409971875009,0.739377841675212,0.945100979871098,0.92844250332,0.806774597911932,0.573126763702806,0.738656492004773,0.749522510207495,0.852396110804262,0.815050480977774,0.88269225190324,0.816874259498169,0.907931877571841,0.16708468308,0.41901920407162,0.0645847344203229,0.753517713323768,0.961235341909612,0.681759282879774,0.872173389663835,0.329893385788351,0.864654367308384,0.816083922087759,0.852772085812792,0.283015371291604,0.98625654727,0.973593051955924,0.991867672855122,0.95801796538042,0.999922219200002,0.998963155355026,0.807241873273855,0.840492854758988,0.944116677335279,0.999576275049996,0.999272923270007,0.998917647910033,0.917125741807901,0.999545549444998,0.890718451592186,0.999495949749995
"18",0.992573373889926,0.951971488859039,0.997969560864888,0.920206277557606,0.671912559653359,0.985070921019552,0.954956695743423,0.916772865982919,0.781111260027811,0.90931535638364,0.77700491020554,0.488170869532204,0.932349657894662,0.999152075499983,0.999037060839981,0.999083535554995,0.999025139854976,1,0.00388053712023295,0.999104697764969,0.899786030947996,0.855882238319956,0.888837322003333,0.0298375666516412,0.791483278589787,0.866345503522995,0.807637478542115,0.542963240756289,0.930742543692576,0.804638489088162,0.995824659859958,0.995561091654889,0.987170652474551,0.239797400136403,0.0231053747910397,0.453344414442267,0.999113186214987,0.998949592624953,0.356249992107813,0.995415308564977,0.684672155663153,0.0150435754408277,0.823289229760582,0.884260453764213,0.931898230066595,0.844222513336884,0.683982402951039,0.877280621713159,0.873325771400566,0.867028617327341,0.99792428983499,0.841356178881034,0.762845377721956,0.999176049959984,0.740153132251102,0.945946843544189,0.929289051902525,0.80762114649019,0.57398848349287,0.73944695380067,0.749592297853732,0.852484329864099,0.815837682586317,0.883482713704174,0.817664721296795,0.908781001433632,0.16801301811588,0.419716395866296,0.0654965659726198,0.754360216240174,0.962028452573291,0.682620317763652,0.873037684744365,0.330757680849923,0.864724839868647,0.816161015586323,0.852849179312642,0.283965182441481,0.987210804374552,0.97453463199,0.992801810939856,0.958969437873974,0.999053084654986,0.999309211619993,0.80802120951212,0.841437372458414,0.945025248728351,0.999215483864965,0.999296429684982,0.999702689114998,0.91805421499,0.99899398036996,0.891610703163374,0.999283035084968
"19",0.00783267392007847,0.0439210670008783,0.004381008050241,0.022963793130689,0.00309038554001539,0.0122933617703689,0.00735310349025742,0.0544478569413613,0.0306714587403066,0.0353235706705299,0.0113564003702271,0.367319499379183,0.0630818682203155,0.0031154394200622,0.00308772975006177,0.00301781721001526,0.00293601945007316,0.00388053712023295,1,0.00323107694011282,0.00316898841006319,0.0717998515725128,0.00833868572012508,0.0079017595104347,0.030281587100757,0.0243275717803649,0.0458392988906875,0.0132823959803983,0.0220616351007721,0.0327481594911461,0.00677291449006778,0.0036614106600914,0.0164952908705773,0.0621712905690673,0.0647921227029155,0.0327131587801636,0.00302428719004511,0.0028620911601287,0.289136039474457,0.00333521969001671,0.00602298701993975,0.63782717808508,0.0538241367813457,0.0135894669606794,0.0330880982716543,0.0147337348602948,0.076533230784592,0.00293115975004388,0.0168707795805905,0.0702403053914049,0.00388673770001924,0.0138708291503465,0.0559511469830772,0.00317807575006357,0.0188374191402824,0.042937970880644,0.0205416569907191,0.0245005163906125,0.0160932785300805,0.0448922591024691,0.0361276493916257,0.00421618074016861,0.0503175360810062,0.0183280339709164,0.0153254241006896,0.0572182819508584,0.187182561826551,0.0890321073113354,0.229061082169163,0.116045015414642,0.0116410738305237,0.0390343176007806,0.039268369050196,0.111830051723355,0.0221402407602214,0.0369117422707381,0.0599708709429985,0.3466540080896,0.00840469997029414,0.00943125398000011,0.00408657273008162,0.0397389707609934,0.00296470637004442,0.00348696179003483,0.0137480191302061,0.0751501125407514,0.0413666320612408,0.00320244720014407,0.0032255191500804,0.00392510726001927,0.0174024855400002,0.00301402478012058,0.0513833278307707,0.00321076967014455
"20",0.992090151015119,0.951148872875244,0.997510916069925,0.919693216354598,0.671859974536563,0.984262713044921,0.954504848439545,0.91647057177,0.78066778760829,0.908817598960912,0.777249250206114,0.48768635994,0.93201698810136,0.999385252525003,0.998968287595005,0.999469289380011,0.9993723512,0.999104697764969,0.00323107694011282,1,0.8999474050455,0.855424711368554,0.889045247831109,0.0293246380308798,0.79103387024,0.866604882181334,0.807170460021928,0.542534807002713,0.930250589639303,0.804194884108042,0.995440183545068,0.99548358346,0.986458922509865,0.239458064640422,0.0225996255004518,0.452946402610941,0.999722699200003,0.999290816199986,0.355863967758897,0.995677108300086,0.684931666886027,0.0147924806804438,0.82278954894,0.883816981342095,0.931834709753296,0.843779040915781,0.683484512973922,0.877597717291224,0.873689288908737,0.867287995985664,0.997945842910041,0.8409125739,0.76233825245287,0.999521832155002,0.739724698492603,0.945132123080549,0.928791294479288,0.80712338907,0.57347555485853,0.73900334882217,0.749536089434991,0.852728537302791,0.815071178635925,0.883039108722076,0.817228428206345,0.908289179940917,0.167516999991675,0.419445253645806,0.0651164775609768,0.753862326261308,0.961253869809225,0.681790426086591,0.872530692032549,0.330250688151651,0.864978282597025,0.816420526805918,0.853108690531328,0.283571878124403,0.986865130869869,0.97401320060565,0.992306549675039,0.95824823585,0.999388302030006,0.999417541115009,0.807592908311924,0.841104835227383,0.944322261324722,0.999531340759991,0.99963972275,0.99902347014002,0.917559324867061,0.999439498004992,0.891188465291088,0.999428743409989
"21",0.900716123382979,0.899924282062002,0.8999724784235,0.920799401540792,0.671909737636483,0.899749033901003,0.940124650435299,0.912835421686307,0.799482717306016,0.910155148847246,0.875581125832488,0.559248246801611,0.901266012798456,0.899790578062004,0.899694237582006,0.899693405918511,0.899575524416506,0.899786030947996,0.00316898841006319,0.8999474050455,1,0.868780236415656,0.926059192656848,0.0313821738204708,0.821247447687681,0.910657108047234,0.905512057487362,0.640699073603593,0.945244235065274,0.884126116725579,0.900169139772995,0.899944872016501,0.899629261635502,0.245884237336476,0.120926311810604,0.551017717650715,0.900055929287499,0.899495158044497,0.360492003153605,0.903233810948387,0.783101984630845,0.0149788962102246,0.894129224226588,0.94701151693947,0.899597583628996,0.920367430701593,0.781749207085635,0.919229856327019,0.8800284788456,0.932787187881344,0.899698605558511,0.896714720366549,0.860764458922911,0.899683092582006,0.837888965089053,0.899739078737507,0.921842750005391,0.905391296496419,0.671905020166483,0.83732917330256,0.751043054983755,0.91153763723,0.815330280663693,0.940134252789401,0.898656121804493,0.932344203576691,0.265686594028672,0.432108544119197,0.0843066640800001,0.79078850292,0.899799229734499,0.682153123426357,0.921921330257733,0.423366766055767,0.912884379862613,0.910308215621794,0.89903100834899,0.381624076833286,0.900516952645497,0.913557541993458,0.900378436891992,0.8999959876965,0.899646001947509,0.900257906822992,0.905760388227356,0.842239153614733,0.899769381681002,0.899843400234499,0.900183788526497,0.899764221478508,0.900333878873987,0.89954808974,0.901668908957458,0.899740156944499
"22",0.859135573427113,0.861853576715691,0.856125972295684,0.883406969704417,0.671826883286563,0.861790919604309,0.869759344938698,0.9022123335,0.875471729786868,0.875507683011245,0.797113001826014,0.52478157035,0.859742325152805,0.855157960805724,0.855055210635725,0.855146054912897,0.85504955648,0.855882238319956,0.0717998515725128,0.855424711368554,0.868780236415656,1,0.875063832351249,0.0885066796326551,0.88624479415,0.868374757811316,0.844334425641557,0.565888488752829,0.878157828858781,0.883121079758831,0.857768604257133,0.85542162483,0.864290545528643,0.291068224018357,0.0732068762414642,0.493821490280124,0.855538906931445,0.854977704807099,0.429101933130727,0.858605417432828,0.6999922395155,0.0157782935704732,0.86452842024,0.896122416012403,0.854955404921374,0.881877990965591,0.750724168546275,0.870417086831296,0.871058902088711,0.868374757815658,0.855087913642898,0.88675465923,0.817531907054526,0.855434922295723,0.768633403402314,0.882807728421172,0.876459904528765,0.82797897316,0.601657508607967,0.803159673674095,0.749522510214991,0.898782047213482,0.915346758265423,0.898700020742467,0.868381184967368,0.921347819570786,0.249270137242493,0.432488689025675,0.146778627582202,0.783193988341748,0.893209235507864,0.757179354906214,0.886405458922272,0.425518026392128,0.868374757806974,0.831490643025843,0.868169263161704,0.365248268209911,0.859391448658594,0.874670959908133,0.857416795225713,0.87494029621,0.855083782701449,0.855733723777164,0.833449591801666,0.874356036166885,0.859448380194297,0.855353644527107,0.85566116273,0.855877991992882,0.87239397004819,0.855014699012825,0.899080666321009,0.855368226567107
"23",0.891016831308814,0.894203312267645,0.889576444658896,0.936814059775948,0.673453361383062,0.890461224166643,0.928074031450719,0.914197392271716,0.808935454071687,0.919718659482408,0.833541202329162,0.550457381498991,0.896549036044138,0.888839658557779,0.888850306827779,0.888835773664447,0.888693323002226,0.888837322003333,0.00833868572012508,0.889045247831109,0.926059192656848,0.875063832351249,1,0.0476516987204767,0.842908406043142,0.921054321862368,0.865650201494031,0.585375773701219,0.935246052920647,0.860766324991392,0.890587043428829,0.889897966462202,0.888702977681113,0.249555900055026,0.0775795538000001,0.488321848260467,0.889200237993324,0.88860876239,0.379828662361899,0.893015992024279,0.734657466889594,0.0203673820102037,0.877854477222443,0.934540922394673,0.907748255924539,0.899529916457512,0.726463795380897,0.928185783312155,0.891261792981087,0.907933071707302,0.888850760424446,0.896667627662067,0.823430663648234,0.888767426457781,0.788874438316334,0.894018108943179,0.931406260640686,0.850692229332986,0.635859181634566,0.790482321527905,0.81206740238,0.909735002955451,0.835518514089112,0.938794162484694,0.89590922634,0.927849911252165,0.208116318407919,0.451082605386468,0.0980779360095099,0.809829585505951,0.89581489763,0.70281262942243,0.933618925002655,0.37599979668436,0.920907884267768,0.868665722268283,0.922630454454613,0.324072512925695,0.890109421801099,0.902738599999377,0.889379156157766,0.889275313462214,0.888758599813337,0.889353135178873,0.855604480504332,0.842168037350524,0.888862956546667,0.8889077205,0.889233234832215,0.888823303574447,0.892796670389824,0.888666431825557,0.919354965142419,0.88872890372
