"","1","2","3","4","5","6","7","8","9","10","11","12","13","14","15","16","17","18","19","20","21","22","23","24","25","26","27","28","29","30","31","32","33","34","35","36","37","38","39","40","41","42","43","44","45","46","47","48","49","50","51","52","53","54","55","56","57","58","59","60","61","62","63","64","65","66","67","68","69","70","71","72","73","74","75","76","77","78","79","80","81","82","83","84","85","86","87","88","89","90","91","92","93","94","95","96","97","98","99","100","101","102","103","104","105","106","107","108","109","110","111","112","113","114","115","116","117","118","119","120","121","122","123","124","125"
"1",1,0.663060530656685,0.0334873022710046,0.0205239069497948,0.546665647064533,0.910069965809101,0.990068579384851,0.923351131799234,0.942719212237005,0.990424106524856,0.741586651507079,0.989458993449895,0.576481939881706,0.956928698724785,0.985788536834929,0.990898794474863,0.955569980583001,0.0748758021996256,0.989690451329897,0.989492456499685,0.990338080379613,0.740567099592217,0.929117943537874,0.92799626744392,0.989467148419579,0.98829246912,0.978092014684452,0.0161469930101613,0.98950605865979,0.235491949804113,0.989572098039687,0.771387730904712,0.99567040096987,0.330513378374958,0.0375556852286858,0.899863520525995,0.808194395177877,0.698726541593013,0.989806788704643,0.663700695523185,0.99721478473,0.640585662259609,0.991355389884957,0.0858627694495709,0.989597131619896,0.173729284721737,0.989522038749686,0.804800244957928,0.0129584986003241,0.0017593276600002,0.771541064337715,0.989560891519687,0.989561392329896,0.973921678959739,0.989510617629895,0.989636968199689,0.345784968763831,0.989427922309894,0.98954916606453,0.859714056311583,0.54732400552,0.833486764400837,0.991140832219911,0.363828646035447,0.0251935064002519,0.66871464187,0.956243317249125,0.402592667416104,0.988585843494829,0.990103567275049,0.71597768498432,0.725618235855397,0.0248344843000001,0.986879851565066,0.949238715454746,0.989535885724948,0.98959208198948,0.95357287729,0.989477223309684,0.84455757901,0.989427922339577,0.0230873069705773,0.791650258743541,0.0206282515594843,0.989521436189476,0.248852133776221,0.771221422180849,0.206236322974125,0.989554751984739,0.872257195154361,0.478253282895218,0.0040318451100807,0.989551096134843,0.989501707714633,0.450949355200981,0.928061567247842,0.890186161878902,0.937649957552818,0.982265827874379,0.0994983548895025,0.15372089067,0.989449425744631,0.989595065489584,0.98951662347,0.989750607324641,0.971431393665143,0.757347338173787,0.18850957587377,0.86001137967,0.989532949669791,0.990024141109601,0.985103473934926,0.975017542745125,0.978480209844462,0.968034780349361,0.989889060869798,0.989427922319788,0.989738279970103,0.989541382249791,0.629273021985732,0.761358568592841,0.989474997624947,0.0587929794526457,0.89197120257,0.990020158134751
"2",0.663060530656685,1,0.0454291103693184,0.0312132878982833,0.562481806749063,0.653092543207142,0.653138335630406,0.729071543054483,0.678159096585747,0.653715317770388,0.727064490933635,0.65258380923716,0.587340114595873,0.66074029818357,0.652787295273888,0.657622646470271,0.66082910166,0.114176268634291,0.652750981997154,0.652552987160212,0.653480056946733,0.678214096869827,0.652989338610205,0.655847753440325,0.652527679076737,0.652644940160631,0.67400880734652,0.117473386285888,0.652569379903686,0.24357492618295,0.652765864880208,0.65730797715,0.658796201790118,0.341775110289747,0.288064181396955,0.722855925786386,0.668931834359864,0.652503023424112,0.652867319363471,0.673593011843368,0.665601448570048,0.651443836970457,0.654477970563821,0.331713426423415,0.653084429937142,0.17400304169391,0.653178186280202,0.698959705028062,0.138350553117233,0.00178231538991991,0.67256564139646,0.65263077158021,0.652635682797158,0.671907375096483,0.65258370961716,0.652697498860209,0.356643143488217,0.652488452977163,0.65526274132,0.652494520569787,0.569036248144393,0.674888681306502,0.660335301486888,0.375220590188106,0.21571107301245,0.675368544099608,0.673625725303159,0.402592667397987,0.659568983030213,0.653767610307312,0.703334115492417,0.669378673833306,0.102602532595383,0.653485415167326,0.653469199643861,0.652596416393896,0.652652612643263,0.657935024740393,0.652537753970212,0.673713120569683,0.652488452996738,0.279618347544407,0.653634579036536,0.277216264800595,0.652581966843263,0.274523433954509,0.880972111495595,0.462672381108433,0.652670556676947,0.736633752810535,0.478422076663687,0.249817238283755,0.652625997080421,0.652567744743474,0.450981914520686,0.699191533439512,0.664251867416751,0.707113051222929,0.66801379601332,0.0995124156550244,0.399606761722018,0.652524669263475,0.652682257016737,0.652584545900634,0.652859485533471,0.674106871386295,0.752885219319885,0.274253183573144,0.699422514168526,0.652630239903684,0.653109215936734,0.665631328273375,0.663613935546819,0.673601186956528,0.652518966013687,0.652949591533676,0.652488452983688,0.652798810644096,0.65279728290368,0.750315174724994,0.675176059489872,0.652564819603897,0.0696511541899999,0.675495842419603,0.653414036536932
"3",0.0334873022710046,0.0454291103693184,1,0.418046380401639,0.346530276243069,0.0239711018099998,0.0236402001501181,0.02320680313,0.049352674597779,0.024849414340124,0.239594169929584,0.02339209948,0.372800599576776,0.0302521515598486,0.0233586090698833,0.0257136168101285,0.0279941251809798,0.342889550944857,0.0232528465199999,0.0232115775104642,0.0240071458907203,0.0586889445811738,0.0235223140304703,0.0268957429101343,0.0234175637207025,0.0237412653997626,0.0407436169606111,0.80077125089,0.0248724034302487,0.0271861988090484,0.0232896303304658,0.0262409253509183,0.0295122340005901,0.0455447276502279,0.345160844804468,0.0289589572708686,0.0362714514490931,0.0235847782095282,0.0235136135905877,0.0524424328020977,0.0335646218996644,0.36594783021183,0.025401762609873,0.0315143245795274,0.02341547304,0.0239397814,0.0246780358104935,0.167420606915814,0.379503205085692,0.00235378836997635,0.0313285377299999,0.0231824995304636,0.0233563280599998,0.0425212387599998,0.02316094202,0.0233691149004673,0.371253839511138,0.02315101576,0.0243639883708527,0.0235908457711794,0.0296502450197036,0.0693145799010397,0.0308734380399999,0.0453955058477302,0.25671401184,0.199079374858009,0.0595262596105952,0.0235847782107076,0.0245630178801227,0.0247575067596286,0.120307226991203,0.0264729107706618,0.873369216111266,0.0244080893296338,0.0247688856298759,0.0235077271098825,0.0232786228609311,0.0276658498497231,0.0232399692504648,0.133529839678665,0.0235847782107075,0.100404608751506,0.0244582136411005,0.126969379275556,0.0236916511709477,0.514853524907723,0.0306845581409203,0.301536224673015,0.0236249542903544,0.0244387623998779,0.0238398080795231,0.0052842722600529,0.0232151097201159,0.0237394296205935,0.0253792987192385,0.0249313217804986,0.0353570631700001,0.025800047350645,0.0254408905306361,0.0236680612496449,0.0256342205297437,0.0231996927605801,0.0237519213607128,0.023189895119768,0.0238544945505962,0.0592373234191114,0.165052186279175,0.30899165778309,0.0430727222395693,0.0236898055602367,0.0235865362707075,0.0365846556898169,0.0314359918995284,0.0547544893908214,0.0230208305302303,0.0234969048002349,0.0229903175002298,0.0237307271295254,0.0236880165202368,0.0966389978814497,0.158217435023164,0.0230373928198848,0.222456676387786,0.124198471468758,0.0245103617603676
"4",0.0205239069497948,0.0312132878982833,0.418046380401639,1,0.295192772262288,0.01424976700943,0.0108796567596193,0.0102427279295902,0.0348886651070345,0.0117510974195889,0.22541536777,0.010653567399574,0.358723736611794,0.0173015419692213,0.0106200769895222,0.0114977943395976,0.0162260976199187,0.335561701751544,0.0103727980895852,0.0104843699597902,0.0120249519498798,0.0444123907991116,0.0105717044397886,0.0586424119079477,0.0104669541298953,0.010818948639459,0.0267398719993314,0.413164088193473,0.010539222349684,0.202092055474843,0.0102616829597949,0.0216488267698919,0.0165565251796687,0.0322061075788725,0.330129795211939,0.0277563826597224,0.200841869836945,0.199823337398011,0.0105682369598414,0.22870467056,0.0206438091589679,0.378889008416739,0.0120987902294557,0.0206030387988667,0.0101447171595942,0.010773129049569,0.010860745269783,0.153161715430045,0.379656019160509,0.191542957150423,0.020052005009198,0.0102672098897945,0.0103850787795848,0.0297037161588118,0.0102089677995918,0.0103477755097929,0.358303229906417,0.0103174863295874,0.0101481658999493,0.150331719131503,0.205224393359739,0.055233226248619,0.0179228284492829,0.221624979590054,0.264725301059411,0.185700359930715,0.0464037955186078,0.199843077348001,0.0103439799096379,0.0111094316693892,0.12300865552631,0.0112132572198318,0.420626283108969,0.0156996393091365,0.0220355679590085,0.01066711798952,0.0105260036800001,0.048018985237599,0.0102893596597943,0.120563661173972,0.0133114425198669,0.230573257514236,0.0114246441500571,0.134107408679942,0.0124464047399999,0.429268997169268,0.0169246094098305,0.286854636671394,0.0106139180297348,0.0104521918195295,0.200096952447994,0.00401905937987923,0.0103211960596389,0.0110980324998338,0.201617857905887,0.0354505073292908,0.10075000260597,0.0114761447198281,0.0116089352298258,0.199906620439005,0.0165650775791718,0.0102490831698461,0.0157194985698429,0.0102435093994881,0.0108286618398378,0.0459968421674701,0.17889600531195,0.315029190660549,0.0373515262981323,0.0113042371296609,0.0106359266798937,0.0254463490888549,0.0166337828090851,0.0418718026389533,0.0100702209396978,0.0107583727196773,0.0100397079096988,0.0112366505193259,0.0112274595596632,0.0889013522277775,0.146069922467079,0.010086783229546,0.209527533658952,0.110137211344493,0.0143132490896423
"5",0.546665647064533,0.562481806749063,0.346530276243069,0.295192772262288,1,0.537819358178487,0.537496845251187,0.536408971688544,0.56905925050163,0.538151106081165,0.75658004492,0.536866155798525,0.821010939244105,0.543497317745543,0.537236299395824,0.541080765971062,0.54199160524729,0.388918779848609,0.536578861938537,0.536609133609268,0.537156301404628,0.574275334398514,0.536700658819266,0.547379527860842,0.536595908514634,0.536892501033155,0.555329706096117,0.29523921208819,0.53868423672384,0.241120463881916,0.536446074179271,0.541602337827292,0.542688539099146,0.347763029267828,0.317048174323051,0.545742087004543,0.549422687074287,0.536750584297795,0.53669719134195,0.5656049522,0.54679540912266,0.82114935344126,0.539400255695727,0.0921771125049305,0.536617772658535,0.174570393263017,0.537262636569255,0.684409529395513,0.323754806221906,0.00234966695988248,0.548592608918056,0.536427603789271,0.536564944398537,0.558820832777647,0.536351848118546,0.53647672988927,0.619741226403802,0.536446440698542,0.538840701557306,0.536742081435367,0.547344629912633,0.581556801355461,0.54550657410818,0.37588979137617,0.291397478278344,0.719481419964026,0.573056645712808,0.403179758905968,0.541618562021043,0.538060289100407,0.636411001840908,0.55001545095175,0.304717846434764,0.53763343231043,0.537823824525798,0.536702368255849,0.53713218999,0.542182585612891,0.536418314039272,0.647473185177626,0.536736013864633,0.106977504347326,0.537731375502688,0.131026247020173,0.53684288683,0.57079986668573,0.547050784614529,0.477716637085668,0.53680657039658,0.542160185635603,0.479076938771255,0.00915862386972544,0.53656112528122,0.536826318351948,0.45157431173839,0.541890087629162,0.54850829880806,0.54200629843187,0.542466477791863,0.100079767224496,0.160504748941975,0.536392750411954,0.536941097484631,0.536381967453181,0.537057887951944,0.572522907048511,0.682031124609308,0.467909653605963,0.560058597211997,0.536933465273892,0.536777153144632,0.550585620325224,0.54890133057981,0.568032023085799,0.536393335623908,0.537401997313878,0.536168662283915,0.536938322947784,0.536906073573893,0.625468182584363,0.678749425206425,0.53622619877587,0.24792329138876,0.638096044458095,0.537733903646557
"6",0.910069965809101,0.653092543207142,0.0239711018099998,0.01424976700943,0.537819358178487,1,0.913731153156294,0.910097163911798,0.910686555540805,0.910612298186341,0.731609919324632,0.910413147301792,0.566964840694174,0.910374163167241,0.923879144916903,0.91000042715635,0.910051347813651,0.105012356596325,0.9100133052218,0.91017251475,0.9099893289291,0.73068511254,0.90999097812,0.913683679756295,0.910157742329102,0.910513234492685,0.913199317515434,0.00607760709987837,0.910254429660897,0.237309148436948,0.90994464431,0.77533639866163,0.91020875005,0.403836279403942,0.0279307923281846,0.899933726288999,0.801723300093922,0.702472660241901,0.91007135101455,0.657214478053144,0.910036630082699,0.634393371590484,0.910166220287246,0.0829136765970979,0.910117387651798,0.174345101256513,0.91056084698,0.797533344574111,0.0052047148199742,0.00551386359983486,0.769331438114613,0.90995918903,0.910102304041798,0.909972006691801,0.909898839621802,0.91003472381,0.335861129893359,0.9099934322018,0.909842451793648,0.863445604495903,0.546893270063593,0.823460000075883,0.909937028501801,0.357804930694954,0.0190900555896182,0.658577158860243,0.910098885420899,0.406364856674064,0.910078478496349,0.910508706528132,0.709866001572901,0.726210006393631,0.0179823175894606,0.913911695178013,0.913175179107171,0.910249359757244,0.915127791978303,0.913731975352588,0.90996530555,0.835481612064936,0.91298738841913,0.0167727284499161,0.791721214969793,0.0108944249294007,0.912135709768243,0.244602640138777,0.768262930657683,0.196281772008037,0.910311475225448,0.914341124107142,0.482281611470709,0.00410571526995884,0.910037958616349,0.910775079664554,0.453149037157342,0.91354687269,0.883714369182326,0.911186551604556,0.911227739014556,0.103243963866387,0.160247420275192,0.90994766423455,0.913668466329137,0.909928958952702,0.910534024844553,0.910535508128131,0.750866674961228,0.182076477018179,0.849812313704506,0.91102954587089,0.909913028579099,0.912671096087183,0.910408476318136,0.90998916399545,0.909746166820903,0.910516760670895,0.909715653790903,0.910532132863579,0.911183021980888,0.633174705346834,0.75316827993,0.909773190277256,0.0489196508707338,0.882072210213538,0.913694518265432
"7",0.990068579384851,0.653138335630406,0.0236402001501181,0.0108796567596193,0.537496845251187,0.913731153156294,1,0.923276038886151,0.933043409914017,0.996339111320037,0.731775772338294,0.995855014745062,0.566625612166999,0.950392885190992,0.989423023200212,0.995147884340049,0.951754156169035,0.0687863002379365,0.995961830335061,0.99591076379498,0.996193015784943,0.730719997453654,0.929117943514645,0.925571441810744,0.995616900994934,0.988301694675292,0.97102779843,0.00629989088990546,0.994300233295028,0.233896551608305,0.995745918494979,0.771396956465428,0.993885925044969,0.324405764926756,0.0277119000183373,0.896567287363448,0.798353189848066,0.698726541575544,0.99598184949996,0.653844367806346,0.987388253855315,0.630729334543693,0.996262722860075,0.0827123534275188,0.995491163585068,0.173738510297394,0.992325132704962,0.794973847698201,0.00314761945000019,0.00175932765995601,0.765884653438512,0.995791970994979,0.995732867105064,0.964095337755539,0.995675212505065,0.995801563074979,0.335928641055039,0.995709597345064,0.993467586519869,0.85971405629009,0.543232904336419,0.82364854816,0.983840524335242,0.353989353526991,0.0153630539297694,0.658867539733528,0.946423212495268,0.402612407346039,0.988658307210113,0.996387268250108,0.706130582846469,0.725662359047257,0.0149873821796254,0.986896363060393,0.949275212031015,0.995716776970086,0.998448105174961,0.951394115426215,0.995641818184978,0.834701251289132,0.995592517214934,0.0132627197299999,0.791376329673741,0.010781149439461,0.995686031064892,0.23900503165,0.766947420791504,0.196389220849018,0.99572857244,0.875973121302481,0.478327708713258,0.00404107068997972,0.991602624840084,0.995671808959957,0.44977767132976,0.92807079280464,0.880339059736795,0.937659183109377,0.982275053429823,0.0994983548870151,0.156587054546085,0.995621942929956,0.993194633634898,0.995687554145108,0.995924427779959,0.961584291521152,0.74750023603505,0.178662473749107,0.850164277528746,0.995697544545022,0.996139057864942,0.975247146210495,0.969572110870913,0.96869180496,0.96803478032516,0.995238966185024,0.995592517195022,0.995908171055143,0.995695755505022,0.62316540853,0.751606440223758,0.995639592500087,0.0489366517509787,0.882295040247943,0.99577570897
"8",0.923351131799234,0.729071543054483,0.02320680313,0.0102427279295902,0.536408971688544,0.910097163911798,0.923276038886151,1,0.923459378349975,0.923448704296148,0.731292686734626,0.923378584711532,0.566252052854156,0.923388375216915,0.923657647826909,0.923276038886151,0.92335078332385,0.0646191268377384,0.923247061891535,0.92337858473,0.923310653419233,0.73016338227,0.92331440902,0.923422089006149,0.923400848189234,0.923408623382298,0.926683670355367,0.00580884631988376,0.923407398540766,0.233429172607162,0.92336259975,0.771294844641569,0.92340408089,0.320243237395197,0.0273973451282195,0.896120424728961,0.797951042534092,0.698872591692045,0.923392663214617,0.653457342883069,0.9233159657523,0.630366133400544,0.923414021556915,0.0803053816171896,0.923433394691531,0.173824722706523,0.92342208902,0.794514562134247,0.00270182323998636,0.00188972559994338,0.765328976694693,0.92331356271,0.923440209611531,0.923282193831534,0.923350502471533,0.92337506063,0.335395566013354,0.923365119101533,0.923276038913849,0.859860106405796,0.542786041703716,0.823248062495884,0.923268806621535,0.353579937975249,0.0149368310397012,0.65831911193025,0.923408438490766,0.402753218954027,0.92336774831615,0.92344274664768,0.705735511032943,0.725383573093627,0.0145788447595628,0.92342208898768,0.923438584716914,0.923392050316915,0.923393002658468,0.923422088992297,0.92340862341,0.834271370894972,0.923365119129234,0.012830631609936,0.790978773509774,0.01036391115943,0.923425855478469,0.238609959838807,0.766472387837665,0.195877606858041,0.923422089015383,0.872196004478195,0.478233184920871,0.00396054063996021,0.923377657286149,0.923399508944617,0.449354423437532,0.92340862341,0.879901067622402,0.923422089024617,0.923435554634617,0.0996135251065136,0.153126895515406,0.923378584734617,0.923422089029234,0.923386705652298,0.923435554634617,0.92343555459768,0.747053373401324,0.178215611118218,0.849584510234513,0.923445912790766,0.923238670659232,0.923433931276914,0.923467855287679,0.923253019275384,0.923248356170768,0.923310130030767,0.923219068990768,0.923422088983063,0.923400050120766,0.618884797916906,0.75110189321,0.923232534586919,0.0484540869907268,0.881559848243553,0.923422089015383
"9",0.942719212237005,0.678159096585747,0.049352674597779,0.0348886651070345,0.56905925050163,0.910686555540805,0.933043409914017,0.923459378349975,1,0.935563693033866,0.759058145671024,0.93277346293937,0.591811614048164,0.939553848174231,0.932739182674708,0.937134331133772,0.941198993891764,0.109304615821256,0.932782566059369,0.932641164448031,0.934377288817297,0.75599669910598,0.929163572798188,0.928736575674276,0.932638434157358,0.932706927670047,0.95079702214246,0.0333911673178295,0.934384044508609,0.241643155605836,0.932548655728035,0.779034367866629,0.938747203497756,0.353530425288789,0.0679759478625227,0.906658323478267,0.810813470177027,0.699069325050579,0.932790527022688,0.67681011328308,0.942848974279286,0.654076803430755,0.935587470754509,0.0939712333324824,0.932723303609373,0.174385953118665,0.933735729967982,0.822648386765962,0.0341672013482917,0.00243378160981755,0.777816407899442,0.932626329138032,0.932654285029378,0.952693457518075,0.932405413279394,0.932601024858033,0.359899733847404,0.932543623959385,0.934894266731953,0.860048336857099,0.554858434278386,0.849474847657526,0.942623550518729,0.376933998226653,0.0539726514764913,0.682043797718847,0.962645006807055,0.402940620375897,0.937039573293778,0.934335101785253,0.73944958032933,0.731727274710731,0.0450571495766209,0.933564201605315,0.934681645674572,0.932765019634706,0.932645609686684,0.939139241069564,0.932471879208039,0.858280040705629,0.93256319167736,0.0501729143674911,0.792731831524145,0.0413934863958606,0.932750827316681,0.275680182636217,0.777413575802791,0.224441796677656,0.932789247153361,0.877118094998602,0.479107129729276,0.00860735914952648,0.933029288214018,0.932941349862682,0.45431875648684,0.932817183688023,0.892939665571959,0.938043737632478,0.93775421467249,0.0998406287020128,0.159996659648,0.932461028442702,0.932944201057347,0.932451372110066,0.932984094582681,0.956090147383513,0.775127495865741,0.206423718638647,0.875110829624367,0.932947382988688,0.932830718317351,0.946395259203752,0.944407813464447,0.955474137572226,0.932322648678722,0.934251900678616,0.932222227448728,0.933338515970666,0.9327350851487,0.662827504056859,0.774939363565128,0.93227976393474,0.0715886671078523,0.907930081071905,0.933740981173313
"10",0.990424106524856,0.653715317770388,0.024849414340124,0.0117510974195889,0.538151106081165,0.910612298186341,0.996339111320037,0.923448704296148,0.935563693033866,1,0.732680636538317,0.996555501665052,0.567517495687025,0.950847598990983,0.986134332760277,0.995711716800043,0.953367609779067,0.0676938341179693,0.99670160633505,0.996420298634982,0.99732255486496,0.731356904363657,0.929156313634646,0.926535715140735,0.996612525164949,0.988821653375279,0.96906834001,0.00696559152989529,0.994797879515026,0.235107055588245,0.996392272064982,0.772885343105458,0.994502641134972,0.32304213409677,0.0299519864682029,0.897807013183467,0.799162380818033,0.699193355085528,0.996642772819966,0.654682488066367,0.987794992505305,0.631538525513685,0.997254413250055,0.0819150493075422,0.995754697555064,0.174426778807384,0.993098874114965,0.796043566498158,0.00450628847000034,0.00222614116994457,0.766984078288495,0.996440394964982,0.996510796815052,0.964756598395529,0.996279635305056,0.996473662244982,0.336334136965045,0.996351237035055,0.993689041519874,0.860180869800106,0.544347708236391,0.82433540537,0.984237583375236,0.354821258096937,0.0168666919597471,0.659430382813514,0.947809663805261,0.403079220856046,0.98898189816011,0.997511327360075,0.708197423296459,0.726496634867265,0.017124744299572,0.987584631570372,0.950171588050997,0.996742532000065,0.994913694084873,0.952424761396189,0.996358662554982,0.835653773729109,0.996575824324949,0.0154439112000001,0.792266908533768,0.0115799467394212,0.996697084034917,0.24021166557,0.768479470631527,0.197240486059014,0.99674800936,0.872578382972549,0.479237314913227,0.00426252568997854,0.991691471020083,0.996808967279968,0.450736049759717,0.928759061314644,0.881367573766779,0.938414514969384,0.983079972989831,0.099965168397001,0.154572235966135,0.996326308379963,0.993766731864906,0.996322315955092,0.99697090107997,0.962428183331127,0.748545346645029,0.179744458429101,0.850755720088731,0.996680851655017,0.996711365624951,0.976100542700478,0.97068222297088,0.96902821873,0.96803478032516,0.995082956725025,0.996109010795019,0.99685471660511,0.996713816115016,0.62047901337,0.752571685423763,0.996156086100077,0.049351006360987,0.88358901484791,0.99659351207
"11",0.741586651507079,0.727064490933635,0.239594169929584,0.22541536777,0.75658004492,0.731609919324632,0.731775772338294,0.731292686734626,0.759058145671024,0.732680636538317,1,0.731328756804627,0.781336380400787,0.738351500771075,0.73133030577097,0.7360017704084,0.735724527870465,0.308341770161542,0.731434171194629,0.731327316369253,0.732034439286602,0.767070443530683,0.731621663259265,0.734353978068359,0.731360852666568,0.731454172847315,0.74942827428623,0.274284954955486,0.731382798471941,0.243876377386342,0.731359778309254,0.735948416050477,0.737545263549502,0.342115344698553,0.295893940802603,0.788670494009434,0.74399948127628,0.69893456055,0.731618195782923,0.682351191180941,0.741663971107417,0.845440102771136,0.733221445510998,0.139499243810697,0.73151482225463,0.174198190443484,0.731693119279268,0.89804130547551,0.271296043559495,0.00196734661001985,0.751179327695023,0.731319246349253,0.731438035584629,0.750596032285012,0.731260291234625,0.731397734329256,0.550470173527523,0.731250364974625,0.733761706000357,0.731303753261191,0.569075473335691,0.776311731907171,0.73897278725478,0.375379790538739,0.28349305196567,0.833918235858339,0.767426629523023,0.40280068637014,0.738237722258456,0.732551925193663,0.829243657164877,0.742249322303401,0.283078597012831,0.732120996773661,0.732299643120985,0.731442669400972,0.731370790123882,0.736744257427367,0.731339318479254,0.840882467918409,0.731297685686565,0.15202255762532,0.7323043012976,0.179115905237313,0.731405586273884,0.468700805426404,0.789728681369486,0.46434024989393,0.731476518045602,0.78467535667177,0.47855790559,0.0574215173217226,0.731340120148283,0.731371471062912,0.451250806395488,0.77800076613112,0.743061100104861,0.784383722495297,0.746693018113601,0.0997063738404986,0.207318581832073,0.731306964302909,0.731558261076578,0.731294524157313,0.731643669612924,0.767316463893837,0.924902338793874,0.446786617753404,0.777886298127779,0.731402713021942,0.731685885506584,0.744271767171164,0.742488276113712,0.7628538386167,0.731120179751934,0.731596254021948,0.731089666721933,0.73161333954,0.731425455861943,0.743514531376023,0.86548753416462,0.731136742030967,0.247856469993632,0.832769176048328,0.732223269225628
"12",0.989458993449895,0.65258380923716,0.02339209948,0.010653567399574,0.536866155798525,0.910413147301792,0.995855014745062,0.923378584711532,0.93277346293937,0.996555501665052,0.731328756804627,1,0.566545138614164,0.94998689357625,0.986274228225343,0.994529072825082,0.951186265284268,0.0650763109477223,0.99900378368002,0.99970951479,0.997130578659971,0.73020176863,0.92869375836,0.925375308066119,0.999435645879994,0.988569063510343,0.96797282305516,0.00582390486988349,0.994619693050054,0.233612227967151,0.99921552188,0.771544426111573,0.99361725831,0.32064960199519,0.0273731314482206,0.896319186688963,0.798154998744083,0.699111822872035,0.999483240324997,0.653687299593074,0.986940721150392,0.63064886099054,0.996069150055098,0.0807863895071725,0.995387821580092,0.17401874934652,0.99259250154,0.794682273234239,0.00292758092998535,0.00211164830993671,0.765700837884686,0.99941668339,0.999559238270009,0.963609256900728,0.999402997000012,0.99943259937,0.335477456663354,0.999580284900008,0.9933642445149,0.860078699565802,0.543049088783708,0.823218468105884,0.983361326850333,0.353819161275233,0.0151625887296968,0.658295257230251,0.94595633081054,0.40298311818403,0.988584964505171,0.998085692205067,0.705946767292941,0.725566677853628,0.014803566629556,0.986957936005456,0.949322152606267,0.99917751752502,0.994960141119899,0.951146014751466,0.99950285727,0.834516191394965,0.996870517949969,0.0130789041799346,0.79119251411978,0.0104052804494277,0.997872797799957,0.238783402278806,0.766731848187667,0.195854275778041,0.999698447365001,0.872448475438189,0.478542790840858,0.00399892699995985,0.991600849625126,0.998574767924993,0.449566634917522,0.92833816164,0.880090959062398,0.93793685711469,0.982174534204911,0.0998309145965061,0.153621369015391,0.999526594624998,0.993419710359934,0.999456069690016,0.999340347094997,0.961237170456357,0.747252135361319,0.178461937418215,0.849552636264513,0.998816919340012,0.99797856498998,0.975148615475621,0.969190930096078,0.968155850775159,0.96801895875032,0.994698905300053,0.999302506490007,0.998035437040079,0.998188691290018,0.619049570396905,0.75135833955,0.999344038795016,0.048535977640728,0.881752796953547,0.995576029555022
"13",0.576481939881706,0.587340114595873,0.372800599576776,0.358723736611794,0.821010939244105,0.566964840694174,0.566625612166999,0.566252052854156,0.591811614048164,0.567517495687025,0.781336380400787,0.566545138614164,1,0.575761947331515,0.566434735941329,0.567455827257024,0.5733401372844,0.402720435414027,0.566327073234158,0.566300331535484,0.566969886161183,0.621240261157956,0.566559216545495,0.569427683077083,0.566473279461156,0.566456316808497,0.582537458193302,0.354059466538851,0.569862223929945,0.235842568327641,0.566208391355479,0.588738792625324,0.572573452175766,0.34199885642026,0.362952667532741,0.570308316201367,0.57910468,0.566470887262832,0.566586668738329,0.595374342178699,0.57665695152865,0.90934805675728,0.568061101681361,0.0885306891008852,0.566151751804154,0.174025283814351,0.567220889205525,0.70918807443,0.372558798674902,0.00211818277003184,0.577096049564427,0.566241127725481,0.56641893846416,0.587396919804685,0.566179562034155,0.566377708485487,0.683989772297619,0.566239769774156,0.566106198833966,0.566456316842484,0.549692270568245,0.653071540056123,0.573962192054349,0.388843282840279,0.27401943397685,0.763233925501449,0.60228804952108,0.402969912722163,0.56631594665699,0.567184592225672,0.662493857113187,0.567727587668386,0.363404290445451,0.566929902845669,0.566802759771336,0.566580576601332,0.566275037096808,0.569190844878538,0.566279422295483,0.676518956430148,0.566456316831155,0.0987837920339513,0.567780168869745,0.146503997668535,0.566529278186825,0.587107433403484,0.571759693121447,0.47369606818658,0.56650102492266,0.566231351021325,0.478879363012394,0.00400604459014031,0.566236118136987,0.566754762158338,0.451296545737743,0.566456316825491,0.577914807234448,0.56740802785837,0.567166624778358,0.0998507234309983,0.15535236273233,0.566303159648315,0.566605002451163,0.566242746268494,0.566749072458337,0.604575627516046,0.706577181314131,0.462497736756187,0.584814932678772,0.566552941979829,0.566681426341167,0.588524766421771,0.573178202335732,0.597822758743913,0.566093762979813,0.566553512139829,0.566079071519813,0.566722186352834,0.56741817076986,0.658310533036333,0.700567357291526,0.566136608011323,0.268759098826126,0.666054300589991,0.566954436212678
"14",0.956928698724785,0.66074029818357,0.0302521515598486,0.0173015419692213,0.543497317745543,0.910374163167241,0.950392885190992,0.923388375216915,0.939553848174231,0.950847598990983,0.738351500771075,0.94998689357625,0.575761947331515,1,0.949936784561502,0.951454228640971,0.955202409519552,0.0741288368070347,0.95039349812624,0.94995607150525,0.950834769914754,0.740727141856296,0.929180887375354,0.928550583291429,0.94991592112475,0.949958680866752,0.961566257760384,0.0138758851496531,0.94997246424575,0.235656854635861,0.95007126379525,0.797601440247976,0.956222602545219,0.327278227653455,0.0344191198675906,0.900882437674504,0.805933974449703,0.698853448368552,0.95028924237,0.660492517649907,0.957901185596473,0.637906172317242,0.951814494321446,0.0860817126365567,0.950131046906247,0.173827518405654,0.950252980585249,0.80259596083987,0.0122244454298779,0.00189771675993378,0.774110154350647,0.94997598467525,0.950038767136249,0.956920930316077,0.949946835056251,0.95008726859525,0.342808604421714,0.949891537316253,0.9499757209295,0.859826392621496,0.549448940520769,0.831220101831688,0.956897827166078,0.363649795202726,0.0244594532293888,0.666347237506678,0.953038280505704,0.402705003742014,0.950021053351,0.950627097001975,0.713290760079301,0.72573441675,0.0220615906692277,0.950437124191983,0.94934939277152,0.950268390761492,0.950034604744251,0.952693208936656,0.94994083831525,0.841398194250551,0.94989153734475,0.0199909420597998,0.792160941775843,0.0198940474088062,0.94999796341425,0.245652278127543,0.771353517153857,0.202986268986955,0.9499990272205,0.872316094163831,0.478575218668464,0.00407318814993884,0.950003391161,0.94997082909,0.451115968005189,0.928146930695359,0.886967811397826,0.93867917987,0.95061935553,0.0996247519960152,0.15515459732457,0.94993454416,0.950098253584751,0.94998828228675,0.95021229808,0.959529220341619,0.754112187437377,0.186255543197206,0.856815662870011,0.950046236465749,0.950414167394752,0.959480133971216,0.956036828881758,0.956882039820431,0.949809714015753,0.951161508125733,0.949779200985753,0.950201894977241,0.950891211255737,0.625949482773741,0.759056971556205,0.949855567601504,0.05801116086058,0.888765994738893,0.950456800280496
"15",0.985788536834929,0.652787295273888,0.0233586090698833,0.0106200769895222,0.537236299395824,0.923879144916903,0.989423023200212,0.923657647826909,0.932739182674708,0.986134332760277,0.73133030577097,0.986274228225343,0.566434735941329,0.949936784561502,1,0.985713443920286,0.951181500679512,0.0784128307268633,0.985785905235355,0.98607675394507,0.985760480464929,0.730151659616349,0.928695307325356,0.925360758361493,0.98605875171493,0.986048063105488,0.970821829360292,0.00578449652985535,0.986060940605209,0.233585051125985,0.985792704475071,0.771459277717714,0.98600735413507,0.334037779753319,0.0275139607980739,0.896285696274481,0.798134135470093,0.699074840168542,0.98587141132,0.653647178009805,0.985813915515496,0.630538458317389,0.985873437220424,0.0824370759167025,0.985876899505353,0.17400240760565,0.98606279479507,0.794632164220268,0.00284243253997163,0.00206343708992784,0.765624981600859,0.985799827425071,0.985937971905352,0.96359925827591,0.985800320855355,0.985812465665071,0.335395779801677,0.985964915795351,0.985713443949857,0.860056041311501,0.542978672050995,0.823212055461768,0.983352353195416,0.353752183763469,0.0150774403396232,0.65828129652696,0.945957879775811,0.402954392372015,0.985856952140283,0.986120606320555,0.705855305329412,0.72552159579,0.0147268363294846,0.986075342010557,0.949294975761521,0.986059098170418,0.990961422474865,0.951112524336711,0.985906428875071,0.834442956010795,0.98602912243493,0.01301449141987,0.791115783815822,0.0103572759593785,0.986055428984791,0.238744485797612,0.766693188503834,0.195839791457062,0.986061742530139,0.885807138923426,0.478457642448469,0.00393619084994079,0.985885170580282,0.98606644171,0.449542066955275,0.928328376535358,0.880057468647998,0.93792308041,0.98208938581,0.0997896769860084,0.156311777034529,0.98589500222,0.98606805611493,0.985834857795496,0.98606174254,0.961189165961552,0.747218644947583,0.178401927897324,0.849547871660266,0.986061742525209,0.985713088884929,0.975071001640748,0.969210735971232,0.968151086170318,0.96802745468548,0.986152074885208,0.985687137385215,0.986060725135627,0.986064267215209,0.632210415543678,0.751324849136243,0.985700816770429,0.0484543007804846,0.881696374369141,0.986084868640139
"16",0.990898794474863,0.657622646470271,0.0257136168101285,0.0114977943395976,0.541080765971062,0.91000042715635,0.995147884340049,0.923276038886151,0.937134331133772,0.995711716800043,0.7360017704084,0.994529072825082,0.567455827257024,0.951454228640971,0.985713443920286,1,0.952915468939058,0.0692909211179213,0.994760530705079,0.994562535874973,0.995499786404933,0.734376153913672,0.929128313814646,0.926623746700734,0.994522385494918,0.988354839865291,0.97082854441,0.0107842017298382,0.994293256835029,0.238122549678094,0.995140203624976,0.775048260215501,0.994786509524974,0.322795407856772,0.0318957112580863,0.901051598203516,0.799390372348024,0.698726541575545,0.994876868079949,0.654674582896367,0.98841076189529,0.631559549633684,0.99602343642008,0.08500099967745,0.994923157225076,0.17399017148739,0.992839314104964,0.799437453658022,0.00737361751999999,0.00175932765995601,0.76999527639845,0.994630970894973,0.994631471705081,0.964895566325527,0.994580697005081,0.994707047574974,0.336758856145051,0.994498001685083,0.996111405539922,0.85971405629009,0.547495125376313,0.82468274157,0.98467375421523,0.355024623216923,0.019608625319706,0.659937760033502,0.947217204615264,0.402592667406039,0.99202707500008,0.995703183650129,0.710392803886448,0.729059467367291,0.0193163126795172,0.987312751380381,0.949861725821003,0.994605965100108,0.994662161364867,0.954833032216129,0.994547302684973,0.835571767599111,0.994498001714918,0.0175129328399999,0.791703779263751,0.0150561317192471,0.994591515564865,0.24326725269,0.771168005901568,0.200665008518997,0.9946724723,0.875698426662486,0.478253282883261,0.00747307663996277,0.991519482510085,0.994571787089946,0.450594204529723,0.931502798754657,0.881744517396774,0.941313278859413,0.985707059379857,0.099498354887015,0.157162122196071,0.994519505119945,0.993158410664897,0.994586702845135,0.994843985639948,0.96266853994112,0.751762457074965,0.183146784589084,0.854571098598636,0.994603029045027,0.995112628614927,0.976077361300478,0.973739125060788,0.96945409721,0.96803478032516,0.994852097545026,0.994498001695028,0.994808359345182,0.994627816205027,0.62368814089,0.752693822323763,0.994563907130109,0.0497668668409953,0.884652494987884,0.99542358525
"17",0.955569980583001,0.66082910166,0.0279941251809798,0.0162260976199187,0.54199160524729,0.910051347813651,0.951754156169035,0.92335078332385,0.941198993891764,0.953367609779067,0.735724527870465,0.951186265284268,0.5733401372844,0.955202409519552,0.951181500679512,0.952915468939058,1,0.0806224562700004,0.951439439024272,0.951219728333293,0.953428040852904,0.736456427455776,0.929163572872521,0.929535560188591,0.951179577952803,0.951311681324757,0.955753117998673,0.0179684680502694,0.952334099203808,0.235729798705286,0.951455874013301,0.772858523568643,0.955619590793447,0.336040941776721,0.0374211018388775,0.90556694998075,0.809911750991901,0.698777462226506,0.951534060538061,0.657720338426175,0.958126261524791,0.635044522822701,0.953679638569537,0.0864063048900001,0.95131662339427,0.173953137192609,0.951661843733308,0.800288464691997,0.00732302902021953,0.00181891563000935,0.769856005451548,0.951356707223297,0.95132581561427,0.957374790304361,0.951237889464269,0.951409821463299,0.339753691035289,0.951155194144267,0.951445999787572,0.859771044505885,0.547875729482739,0.828805287344864,0.955543555284333,0.360123528787396,0.0214772615003224,0.668322155393341,0.951544844313789,0.402643588048119,0.951453290689029,0.95214062345,0.716724932687918,0.726915321139077,0.0223507403501118,0.95171969773,0.951121305499511,0.951263157559513,0.951326535802323,0.953750698724769,0.951204495143292,0.840177756194201,0.951155194172802,0.0226570092106796,0.791919671547515,0.0182071296996356,0.951253846142319,0.246445029347393,0.771146836194702,0.201380630645035,0.951365445648541,0.872431531598724,0.478465275027608,0.00415007857010363,0.951309787089026,0.951963386638079,0.451031484253234,0.928230721342488,0.884332705583265,0.939347367897574,0.951830788368073,0.0995492755200001,0.15389871210077,0.951176697578047,0.95133100466281,0.951243895304756,0.95150117809806,0.95577120155,0.751485214537515,0.19041289416476,0.85594132079428,0.951303282713783,0.951718900442827,0.955578376689556,0.95575317841,0.955527767938666,0.951134786553778,0.951738704113793,0.951104273523778,0.95192208478524,0.951285008663782,0.637041553959111,0.758037312096531,0.951170178959512,0.0528122120026406,0.888839783374444,0.95199519801856
