"","1","2","3","4","5","6","7","8","9","10","11","12","13","14","15","16","17","18","19","20","21","22","23","24","25","26","27","28","29","30","31","32","33","34","35","36","37","38","39","40","41","42","43","44","45","46","47","48","49","50","51","52","53","54","55","56","57","58","59","60","61","62","63","64","65","66","67","68","69","70","71","72","73","74","75","76","77","78","79","80","81","82","83","84","85","86","87","88","89","90","91","92","93","94"
"1",1,0.319090013001465,0.756890547343114,0.630607323804787,0.190193298309155,0.896948998964031,0.569282679819309,0.541136804719617,0.502965760330358,0.322661750419875,0.436888803873572,0.410879994466332,0.633737271402353,0.21738291521163,0.235998106866699,0.29535132302954,0.244987463890668,0.233292580552989,0.761791397332855,0.250953183079518,0.186055784556803,0.8461546762759,0.742575389606606,0.613905727094146,0.813844535789118,0.278095663126681,0.416059773918835,0.481588679573381,0.469256041520387,0.049909169140113,0.559749220474074,0.219987888277092,0.31977679400667,0.189341441417818,0.201020712400952,0.224895033916111,0.136065126242212,0.728431528290537,0.234431759114815,0.184926718655622,0.529693278482475,0.208828446683143,0.525192848231105,0.570897217672801,0.788933932468769,0.382952793204418,0.4775238692061,0.482395737329939,0.575969609346639,0.403663008947527,0.403446356620025,0.570901615803272,0.310493862955882,0.700453176957237,0.349827004665753,0.562998346132711,0.214312701325023,0.518192178951195,0.429288077226813,0.491818646223778,0.572601778342679,0.601758546769421,0.264144804028912,0.406650731405052,0.342267329545363,0.68812241037447,0.274889979884411,0.839947387972396,0.705064172108252,0.418030075542511,0.138581719311104,0.497794626608786,0.227913843910877,0.490095312926883,0.581813387079249,0.597399751375316,0.423126752502528,0.259106777827772,0.311011024977543,0.217090129917044,0.79861988839997,0.278088170457308,0.120928582767625,0.154147748135408,0.297098449115318,0.461282479830297,0.287996325626801,0.424618183844382,0.724381252216545,0.203358938246121,0.871394368562272,0.180434800533806,0.781345752274957,0.183051978588358
"2",0.319090013001465,1,0.168603903530205,0.334372104791157,0.360717112208648,0.345129365487132,0.322075296903693,0.334372104791157,0.353502596956092,0.334355385613827,0.365535248055823,0.433872609947746,0.373702101413916,0.188808456132215,0.295880276078929,0.297449836380527,0.331399329075055,0.223553251088833,0.162909480563755,0.331858490553933,0.279716302972368,0.384771392722863,0.124315674245863,0.334372104791157,0.258921688359298,0.36427691294456,0.384550712911973,0.322075296903693,0.334354546355199,0.0122968078874635,0.308841576541624,0.263286886109128,0.408700597360125,0.245656714419086,0.256072975680709,0.304938299372982,0.230160099753916,0.137361287977332,0.294080893526766,0.276782233179973,0.322075296903693,0.173024701712456,0.322075296903693,0.322075296903693,0.395512793752326,0.341446980556693,0.385539966914811,0.322075296903693,0.322092306066084,0.378473054240576,0.170356718269253,0.365535248055823,0.41590162555882,0.514295973877858,0.365535248053996,0.334372104791157,0.283112993286823,0.322075296903693,0.365535248055823,0.365553527271618,0.334372104791157,0.422739416043051,0.36284188507004,0.341446980560108,0.351073511343283,0.334372104789485,0.39330874400365,0.295412180460859,0.350448922348423,0.366209045756932,0.237292858547417,0.334372104791157,0.30210779821317,0.322075296903693,0.388107470747788,0.322075296903693,0.360295299655041,0.32607485125907,0.463099079505252,0.264409550269808,0.380581011966804,0.41140654546394,0.231689373469504,0.271889629597991,0.371625227473896,0.466193513648672,0.605408913512687,0.373228818809772,0.135309307295118,0.178112636145184,0.380041405439865,0.141459520934461,0.328581072214294,0.178930875668776
"3",0.756890547343114,0.168603903530205,1,0.515299303129694,0.0518103317681867,0.783771795727703,0.502258903369955,0.425837337631483,0.391740738931905,0.207388933689168,0.325664343783487,0.272090582947279,0.470583733135054,0.0587016646933566,0.0631157614253265,0.096746661618769,0.0770673865478791,0.0554349340192254,0.949965330188304,0.119380824032057,0.0599802045599425,0.742819902914856,0.694226016246116,0.498599303130028,0.896082836662078,0.127652638340925,0.254832555566255,0.414573286871709,0.353969500094471,0.0016260162599675,0.382849211511853,0.0526116015576328,0.103761002308323,0.0484608666578191,0.0553775279599038,0.073907065455642,0.0527460030400051,0.960614328701896,0.0617595818775296,0.0576860222983963,0.462673286870747,0.0646020809000474,0.458173286870837,0.503873286869923,0.646947735187061,0.276562966431703,0.336988125314215,0.415380267471693,0.508941654274039,0.263896398821934,0.394723815065451,0.459664343780807,0.17679751462,0.539972100611004,0.238610867884035,0.447696789031046,0.0982796610095086,0.451173286870977,0.318064343783639,0.380583372951036,0.457299303130854,0.439201708429866,0.0968119827461277,0.290599303134188,0.21149930313577,0.57280889112568,0.0925992060076302,0.855784786561874,0.618220360704304,0.306807418388466,0.046838398030234,0.38249930313235,0.0970615188189579,0.423079106971539,0.481849036295182,0.530373286869393,0.359420356504986,0.0937611318102748,0.139212975280951,0.052654304888157,0.62178293259128,0.18114000626,0.0531968313489359,0.0530692688789387,0.109617550785967,0.251824011834257,0.0705644706692942,0.268815737094624,0.953323584575233,0.0637816537584057,0.764335283755605,0.056996103194239,0.679254788723436,0.0650106528071523
"4",0.630607323804787,0.334372104791157,0.515299303129694,1,0.410762672313838,0.648815352677507,0.8636856165,0.9105380345,0.872351523950134,0.674966251687416,0.7431,0.724937869167249,0.89977283053199,0.205604356950121,0.34229311133049,0.326305417358948,0.459900665927174,0.236708761652365,0.50986402106364,0.253030481339778,0.50817326145591,0.685937204957437,0.5956,0.9349,0.6175904502,0.60739082083015,0.704073260659352,0.776,0.819395830924918,0.1249,0.561487550718384,0.470239769758244,0.429139453608499,0.530161326426746,0.532344630697128,0.526166867151989,0.411429887787121,0.492228239079378,0.536102721079278,0.460962584441205,0.8241,0.140288924521634,0.8196,0.8653,0.7174,0.676608725083234,0.748966131087491,0.7768069806,0.870387453152037,0.581695347022809,0.388472430493843,0.9009,0.619942374572399,0.681389314782721,0.719246524096404,0.931503002,0.535176901178028,0.8126,0.735,0.859142957147857,0.9104,0.649523912002677,0.458438840980831,0.7455,0.6301,0.942490412005288,0.231784081742083,0.637395059393265,0.751589478148743,0.767261491611509,0.41517943617038,0.8672,0.549280873346606,0.7845058201,0.82600906310826,0.8751,0.71636418179091,0.500893753093323,0.309620638526067,0.434413671183484,0.735324448416571,0.53702539537074,0.41192283719,0.42138342095,0.571453781530042,0.501851250384739,0.523240883415232,0.70419279978,0.488336498057325,0.221408244428893,0.686078941552848,0.193420261678422,0.652381760256264,0.280334764139357
"5",0.190193298309155,0.360717112208648,0.0518103317681867,0.410762672313838,1,0.204258884088046,0.543630608301845,0.442610279213361,0.445420947427897,0.735825881014912,0.56402545068154,0.525471606327373,0.411204152367794,0.150015289777138,0.266665056783762,0.26183209552642,0.510818679335794,0.198208000046334,0.0295103604827048,0.211158270426125,0.622427834873353,0.255277103596382,0.00636267231990451,0.475862672312862,0.149806675007753,0.533769299651377,0.591438417673463,0.63131622480053,0.591397780613669,0.00344644750994838,0.151248496007093,0.383445661904662,0.356937617464904,0.805289645007788,0.8039231791868,0.810766513024223,0.820734581502751,0.0270442542470736,0.655970054987041,0.605232620559305,0.583216224801252,0.165295265056498,0.587716224801184,0.54201622480187,0.270462672315943,0.621341018104467,0.412707745292729,0.630509244200542,0.536897473982473,0.249689175862006,0.0496659588157474,0.460925450683086,0.518669014742593,0.324491914538054,0.584779461378304,0.479259670312811,0.38354852022,0.594716224801079,0.614125450680788,0.502850593212118,0.500362672312494,0.274810095027424,0.336029776198239,0.400062672313999,0.751195227978732,0.381077315212378,0.221506860383748,0.186392731826014,0.295607275499934,0.50203012607,0.43296266107433,0.521162672312182,0.809088289827853,0.622810404700658,0.409608443707952,0.515516224802267,0.407558625242625,0.844397359178949,0.235464491995872,0.438883164156833,0.231616428524252,0.655225508763276,0.421472765483678,0.81530331398777,0.442527433403884,0.379211688475876,0.524143038137379,0.635230407220472,0.0246976319600002,0.138437879597231,0.257526952589699,0.104622682956774,0.169266743689605,0.148250755622146
"6",0.896948998964031,0.345129365487132,0.783771795727703,0.648815352677507,0.204258884088046,1,0.61411323012544,0.559360022341015,0.536027241217529,0.340921144034351,0.469963212933854,0.419160053057013,0.632950671834681,0.186106227252819,0.23525554046948,0.2807982876048,0.260006228219403,0.186151160369615,0.783493091704825,0.292634511235055,0.21765013705608,0.898819953790932,0.715837217269771,0.632116591273484,0.875204112551,0.281727399196851,0.4212695479747,0.526434117041719,0.487490504386994,0.0232885856274847,0.520464912782337,0.223270304022903,0.303894805221745,0.192519204462673,0.204955824108931,0.246961427112501,0.18140108131683,0.753712548914502,0.232757652469445,0.219703045190727,0.574530549588635,0.184013971834678,0.570030883342042,0.615727493890775,0.783220648243599,0.410690062192712,0.485023741316345,0.527241037790047,0.620801391579543,0.411346968763254,0.402013367065233,0.603953274499067,0.340085252378883,0.71117359189968,0.382916193563979,0.581217852481819,0.232419979583772,0.563031402514008,0.462363776606275,0.524885383464992,0.590819654388086,0.608279052735308,0.247054348831372,0.424725357857886,0.361736646144876,0.706320675335991,0.210390226643647,0.907983174034703,0.746276907735345,0.453332710213685,0.179967919807481,0.516025202111386,0.251620014354663,0.534939306286955,0.63784211918071,0.642225528454045,0.482641211269071,0.261924562534044,0.251349040305174,0.215446125187483,0.797954655323971,0.308928426141196,0.167387810136513,0.213164926863867,0.279464264613708,0.439847098721105,0.278805234023076,0.447476724122502,0.749954889743459,0.169578633085919,0.91648891934321,0.139296547095983,0.827906630881504,0.18499027166801
"7",0.569282679819309,0.322075296903693,0.502258903369955,0.8636856165,0.543630608301845,0.61411323012544,1,0.8174856414,0.781474773644717,0.703479209539523,0.8177143835,0.680266636006803,0.795456610609798,0.0806842020387647,0.217433888346229,0.201362861992059,0.458231475973548,0.111760124578845,0.471994366388713,0.227845121799772,0.543419211416237,0.670316231126813,0.4592856165,0.9235,0.6061760667,0.581126593131231,0.744535114174442,0.9123143835,0.850058530826546,0,0.436536901897289,0.345339769761366,0.304208712779366,0.541575709926461,0.54376111668099,0.564925592698756,0.543240104236913,0.47829668020862,0.547517104579049,0.548191413050278,0.9604143835,0.116532905258475,0.9559143835,0.9983856165,0.6569856165,0.772678046792273,0.69291754757955,0.9131213641,0.993290965036789,0.456806169308866,0.382142262240582,0.8649,0.611541168212231,0.654110204290433,0.730660907596347,0.8759944839,0.430866205776463,0.9489143835,0.8101143835,0.827741387069354,0.9067,0.618537844977308,0.333538840983329,0.6397,0.7076143835,0.83400025939583,0.106913756243405,0.6219255345382,0.732773567270357,0.749568746811244,0.406301824210158,0.8527,0.587663173253661,0.9208202036,0.82600906310826,0.9718856165,0.71636418179091,0.575222208058521,0.184720638531688,0.388450206244173,0.647982292306992,0.669724776613394,0.41751746375,0.54132093425,0.446546830673066,0.451835011344732,0.408705701114087,0.7563320991,0.472275372557084,0.0965082444295174,0.664891369783378,0.0685358255442682,0.60928292531691,0.155411655905269
"8",0.541136804719617,0.334372104791157,0.425837337631483,0.9105380345,0.442610279213361,0.559360022341015,0.8174856414,1,0.961808860109027,0.706812266286686,0.7749476069,0.756785476067568,0.863962363309948,0.263228012686153,0.399888660149806,0.383939406064378,0.491612576878641,0.294345555751124,0.42040696593162,0.253030481339778,0.540029040695653,0.596475239453859,0.5637523931,0.8939856414,0.5281284847,0.696858694138967,0.735919267740792,0.8078476069,0.851241765594889,0.1825143586,0.578467153310567,0.527854128356804,0.486767992457925,0.563508588825912,0.577053694111465,0.558016408783608,0.443279385537977,0.402770778438372,0.625564686577489,0.492800838152462,0.8174856414,0.140288924521634,0.8174856414,0.8174856414,0.6279380345,0.708456331982915,0.74989429176291,0.8086545875,0.817528810109536,0.639304713476534,0.388472430493843,0.9029856414,0.651789981473036,0.591939910637052,0.794750280696026,0.9414911575,0.535176901178028,0.8174856414,0.7668476069,0.890992156507825,0.9107856414,0.641478970606044,0.516053199579679,0.7455,0.6619476069,0.853028446505735,0.264908529364214,0.54794605563667,0.662138369684004,0.799109098511987,0.416252072970407,0.9214476069,0.581124932557289,0.816353427,0.773481685007735,0.8174856414,0.71636418179091,0.532738197056345,0.367234997123474,0.434413671183484,0.645854491676999,0.568873002271377,0.41912950029,0.45323102785,0.629071346448427,0.501851250384739,0.523240883415232,0.73604040668,0.398874532555983,0.279022603028605,0.596616976055084,0.251027440917749,0.56294572325613,0.337959782195604
"9",0.502965760330358,0.353502596956092,0.391740738931905,0.872351523950134,0.445420947427897,0.536027241217529,0.781474773644717,0.961808860109027,1,0.708946412205163,0.796224517458012,0.778063326451991,0.827955507400378,0.29886076161722,0.435928256679991,0.409709317903486,0.510734933075942,0.330416423202956,0.389822030603995,0.269963667127285,0.561323570115465,0.572793597441119,0.54250970248403,0.857970815039597,0.489961762495258,0.735068043460555,0.757197129016642,0.781474773644717,0.853368432832556,0.199430789126179,0.597591154901869,0.545124002642591,0.522823734156971,0.566942179709927,0.584475067219085,0.560522970219874,0.448039628605617,0.365115988489473,0.649560736051045,0.50434299311885,0.781474773644717,0.141244698269221,0.781474773644717,0.781474773644717,0.589766147503168,0.710590499528545,0.768999651377637,0.781474773644717,0.781516038604042,0.675340567885077,0.386497776461852,0.886116533022615,0.67307326500411,0.562761020475819,0.816026166535424,0.90547387289673,0.535149207661407,0.781474773644717,0.788124936604437,0.912264125713204,0.874769945698864,0.618155158501131,0.552098554348054,0.745461423005002,0.664084181108099,0.814844911874354,0.284036459608932,0.509783837610408,0.625304227817384,0.820384758798365,0.416230533394099,0.923570752898573,0.600196734481323,0.781474773644717,0.754448450341521,0.781474773644717,0.735472340814474,0.553352828237631,0.386422252709492,0.435687530144114,0.626826161791647,0.580277356701632,0.419645129521246,0.474524586106015,0.6651128584715,0.520972706965012,0.542359991246883,0.757319330548365,0.360820101091878,0.315080223294687,0.571354026380502,0.274417634238808,0.543928895987415,0.354871297093896
"10",0.322661750419875,0.334355385613827,0.207388933689168,0.674966251687416,0.735825881014912,0.340921144034351,0.703479209539523,0.706812266286686,0.708946412205163,1,0.781460926953652,0.717413020316158,0.645472203287627,0.188492171421323,0.325182440278673,0.309184126650245,0.491587995406934,0.219591118942129,0.201970823021826,0.253017828959465,0.715386341060463,0.378018304029919,0.270586470676466,0.708764561771911,0.309674966451677,0.688899264692797,0.814079798372204,0.791160441977901,0.853428751118723,0.107794610269487,0.380585261502929,0.453117113902977,0.412014639093824,0.838119420448025,0.84035933736085,0.851244052081559,0.736512361766124,0.184334527127555,0.737184909429785,0.650481435529926,0.743062846857657,0.140281911551914,0.747562621868906,0.701864906754662,0.409479526023699,0.817982508456397,0.625013699777929,0.790353501724914,0.696754852530931,0.512817615849732,0.206240830772345,0.702164891755412,0.705303027822715,0.373513873949435,0.848311595116003,0.74345982500875,0.535150143670844,0.754562271886406,0.831058447077646,0.7664,0.750062496875156,0.423031536607957,0.441316775142417,0.662266886655667,0.951052447377631,0.634558684072624,0.214677413143603,0.329523195872281,0.443704662114983,0.758906143904188,0.416231261407335,0.785360731963402,0.874300948397661,0.782655047147643,0.555015899710565,0.675366231688416,0.566743325667433,0.825920173962132,0.292506013226176,0.434391951585905,0.427375574391199,0.714830955226535,0.419108544862757,0.746446098645068,0.554325112093444,0.46963996560215,0.516479877121309,0.827741777891105,0.180427476678872,0.204298029527502,0.378160033558868,0.176313577939573,0.344553775317223,0.263218437045138
"11",0.436888803873572,0.365535248055823,0.325664343783487,0.7431,0.56402545068154,0.469963212933854,0.8177143835,0.7749476069,0.796224517458012,0.781460926953652,1,0.832071221688321,0.719285070449841,0.161112893342827,0.382280574567595,0.271942487204293,0.536120711415432,0.245914057603971,0.323749162954302,0.269977639161745,0.646315781370079,0.506726571620269,0.3387,0.8082,0.4238904502,0.701471623833354,0.891656211347234,0.834,0.895652969262584,0.0617000000000002,0.553074209265336,0.407411102849815,0.425485798669313,0.620853316084479,0.627041382708421,0.643280444701028,0.566651309150584,0.299041542879057,0.630434693867391,0.622915712190482,0.834,0.141252006389058,0.834,0.8161,0.5237,0.829208725081708,0.793989746318353,0.834,0.810995722637039,0.62279178580618,0.320432117270036,0.8422,0.74100029156482,0.496702752024094,0.872389839605638,0.811596998,0.492566205777389,0.834,0.9499,0.883944197209861,0.8327,0.552094034074736,0.473907151710522,0.7014,0.7827,0.713414642896433,0.211127013550237,0.443723123718517,0.559247936893277,0.915568746813733,0.416252072970407,0.8535,0.68257226245287,0.834,0.746701759897467,0.7896,0.783160841957902,0.671672618919078,0.248701140238809,0.435710076603464,0.557935256814145,0.698888838663978,0.4196668458,0.59622361505,0.611316656530471,0.606158025308475,0.493903389864939,0.85516723645,0.294742105824421,0.208644713878957,0.505286926067368,0.136707887852946,0.489073133070011,0.2171230712619
"12",0.410879994466332,0.433872609947746,0.272090582947279,0.724937869167249,0.525471606327373,0.419160053057013,0.680266636006803,0.756785476067568,0.778063326451991,0.717413020316158,0.832071221688321,1,0.701303024836731,0.198815146794988,0.415384574407382,0.318958344863213,0.536120711420794,0.311283060498647,0.27652623578061,0.275155937389265,0.60611274749646,0.453505477112675,0.320537869163206,0.756766636007568,0.3699682573037,0.691382341977342,0.827487859961943,0.680266636006803,0.777685861783175,0.0974600620609747,0.520703542641243,0.443542498003347,0.482913534883476,0.556802207051648,0.562978475715528,0.581290932703185,0.467546674230571,0.245122065234569,0.566723720884333,0.523427539969025,0.680266636006803,0.212954581863459,0.680266636006803,0.680266636006803,0.60194652334602,0.79142308729,0.810977147028822,0.680266636006803,0.680302558635079,0.64435456502751,0.267185240417159,0.812077807108121,0.740490326832215,0.504458085939807,0.808338730574042,0.777726698067777,0.599237657344981,0.680266636006803,0.803766636008038,0.827168056471095,0.773566636007736,0.597163439987794,0.622748763573773,0.785149258667851,0.682888828906829,0.694868219113474,0.308121352372275,0.390243399992808,0.505575006404451,0.867831283761696,0.487163462477051,0.777726698067777,0.632675553681707,0.680266636006803,0.692779567003856,0.680266636006803,0.788054379568902,0.579101909754454,0.358261288447461,0.506621466107467,0.521087907853502,0.658499267209755,0.457818377244578,0.49701899470497,0.665954517240102,0.6317148555296,0.604531461772091,0.77796064966778,0.241031128476026,0.244404775941222,0.45800312520313,0.172463493831335,0.435553004383746,0.254739888190453
"13",0.633737271402353,0.373702101413916,0.470583733135054,0.89977283053199,0.411204152367794,0.632950671834681,0.795456610609798,0.863962363309948,0.827955507400378,0.645472203287627,0.719285070449841,0.701303024836731,1,0.259249481645364,0.374856400438046,0.383649568733521,0.499265604767077,0.27118763175728,0.470469181173656,0.284918222815057,0.494403691389834,0.658121003178066,0.521399363898539,0.87196356199506,0.563986941785637,0.591863361193308,0.726051045484713,0.750007233100946,0.79206498881609,0.104316219922192,0.607672307364635,0.498194437177465,0.474063005060452,0.51323593812072,0.524003468257486,0.55390936733936,0.406175224474603,0.442241928949339,0.544335073455328,0.446509777758023,0.795456610609798,0.218121513112413,0.793611194936207,0.795456610609798,0.663987296630378,0.650606926719817,0.752593422853336,0.750814287029483,0.795498619856311,0.590775186721103,0.40012387571821,0.877099409385715,0.602113527931186,0.679769813281199,0.674834297570357,0.885823801029795,0.535221577556335,0.786610558861738,0.711184334420813,0.816841518258262,0.88441944573074,0.680141450103328,0.467690003092174,0.728712040029819,0.6093643071615,0.888916426529835,0.303123619561203,0.605510829692242,0.722156646307956,0.760085778164164,0.405067197753308,0.820620390778911,0.554707154822955,0.758513826105946,0.806179009529933,0.795456610609798,0.692948030077359,0.529389280964738,0.340682047203654,0.481385709679702,0.733424104218168,0.524292761811785,0.389121353451342,0.421187039034303,0.592208144625372,0.581021963532999,0.559720158093294,0.712777514796425,0.437649031779709,0.265108576448004,0.672039489181967,0.229171387936829,0.627513416876037,0.262345208738567
"14",0.21738291521163,0.188808456132215,0.0587016646933566,0.205604356950121,0.150015289777138,0.186106227252819,0.0806842020387647,0.263228012686153,0.29886076161722,0.188492171421323,0.161112893342827,0.198815146794988,0.259249481645364,1,0.704460342559948,0.491416464959886,0.263955782640409,0.411611236587919,0.0638895583034688,0.260308112065424,0.219325633231299,0.142479815673987,0.310999709533986,0.15719654672026,0.0806842020387647,0.408522528036579,0.252518504649158,0.0806842020387649,0.186341537747456,0.506696788750634,0.32042139535738,0.394734919899736,0.454804890401912,0.233920806076718,0.261819634024726,0.239505652150312,0.108967122455516,0.0286307638894607,0.423150767520773,0.385207167204261,0.0806842020387649,0.213002506182492,0.0806842020387647,0.0806842020387649,0.131628529936347,0.120935758108203,0.185098904078938,0.0806842020387649,0.0806884633918538,0.476841627882719,0.0593534103175646,0.184916733910404,0.227825159331152,0.213999784979393,0.267986286245851,0.204709728708698,0.185011729890053,0.0806842020387649,0.160612812658634,0.222233866437583,0.173999257709137,0.173650665783249,0.329725233957507,0.186501274813957,0.156196385351874,0.177775636108014,0.485441994133614,0.11099134605545,0.112919731929884,0.209302041086308,0.108787192023931,0.228007971601957,0.20954987438486,0.0806842020387647,0.158945888334736,0.0806842020387647,0.0993979662131433,0.225645815793536,0.629180669869538,0.214329571333499,0.244757544797822,0.105475289013106,0.0855210920539664,0.140620264123871,0.519911059728394,0.274466117955686,0.33987107434123,0.265668815631036,0.0247806926055514,0.694944379525837,0.151505024482899,0.692747446497259,0.161356735486215,0.590033003335682
"15",0.235998106866699,0.295880276078929,0.0631157614253265,0.34229311133049,0.266665056783762,0.23525554046948,0.217433888346229,0.399888660149806,0.435928256679991,0.325182440278673,0.382280574567595,0.415384574407382,0.374856400438046,0.704460342559948,1,0.599755325528758,0.435102901033781,0.529153288555038,0.0739804514383722,0.250401977799384,0.340688636650739,0.259578912189095,0.318073392101579,0.293908912832185,0.157616245027267,0.569579593929002,0.442074032158781,0.217433888346229,0.323032512595282,0.510936989889859,0.441995673719583,0.500520993774293,0.57841875071691,0.377297678991782,0.382977565878474,0.347173794620144,0.243441310749214,0.0349357195379976,0.522289960761569,0.276180270720262,0.217433888346229,0.240712099942712,0.217433888346229,0.217433888346229,0.267840483192386,0.257665811034229,0.358814347576279,0.217433888346229,0.217445366561019,0.69883594608103,0.0607240215401242,0.35248978126195,0.379263869322635,0.326278467933405,0.449657513049986,0.341398919459185,0.321710528676048,0.217433888346229,0.340893568398721,0.389597142451224,0.310703428013415,0.296059022398454,0.535798136368222,0.323199347047068,0.276214691480533,0.314477964418909,0.378303847505534,0.19848255684095,0.247457250802066,0.425284947037006,0.239816804561482,0.364685798238796,0.349571637184042,0.217433888346229,0.304008074101448,0.217433888346229,0.319584548354813,0.355855545344231,0.640569105445281,0.346878505619199,0.35778820861588,0.249338230645723,0.224143777734182,0.28246835329508,0.740387152045709,0.506689296173396,0.419445454719172,0.396812326640893,0.0374580391869137,0.747767303721486,0.284660159899149,0.715494276094021,0.236895188233823,0.672558318370295
"16",0.29535132302954,0.297449836380527,0.096746661618769,0.326305417358948,0.26183209552642,0.2807982876048,0.201362861992059,0.383939406064378,0.409709317903486,0.309184126650245,0.271942487204293,0.318958344863213,0.383649568733521,0.491416464959886,0.599755325528758,1,0.487350186318148,0.673223937266591,0.105453606060062,0.293210622786259,0.280262612336468,0.255047331113454,0.311073253792262,0.277888926728384,0.187826358366233,0.535402913254503,0.364272395353956,0.201362861992059,0.3070328043248,0.270187393480318,0.427004180526219,0.47402218256756,0.606121105890856,0.336568516526568,0.337925953465436,0.333798908179675,0.198497461376978,0.0659691358176508,0.482908829656952,0.232296504295971,0.201362861992059,0.300679172252803,0.201362861992059,0.201362861992059,0.261623168639962,0.241621635896294,0.296834504569212,0.201362861992059,0.20137349892109,0.510006897497531,0.0955886568369467,0.295750596233372,0.327817329632008,0.361787031197779,0.378835044449675,0.325410628694412,0.305709097668169,0.201362861992059,0.271442316846539,0.333079964594307,0.29469465074891,0.276199021967511,0.450805428726573,0.307198909692754,0.261205042576451,0.298471706320506,0.410739831037925,0.231675867522801,0.234143859944768,0.328604181351651,0.195700091260298,0.348713049386316,0.339926648046774,0.201362861992059,0.263427050733864,0.201362861992059,0.210210950928826,0.329213661526803,0.507539369692407,0.303171264244341,0.390668089696791,0.236176349901965,0.195077658775237,0.226073622343691,0.536124926350424,0.438668242564554,0.400642932060319,0.386162061819728,0.0774756611995299,0.495691155107278,0.281126729765321,0.503231129125168,0.261394827505119,0.444967666364517
"17",0.244987463890668,0.331399329075055,0.0770673865478791,0.459900665927174,0.510818679335794,0.260006228219403,0.458231475973548,0.491612576878641,0.510734933075942,0.491587995406934,0.536120711415432,0.536120711420794,0.499265604767077,0.263955782640409,0.435102901033781,0.487350186318148,1,0.436200176466184,0.0806151618667929,0.261732138431159,0.501894890541282,0.277199633870446,0.0554665767581605,0.491612576878641,0.168988308282007,0.609151849841011,0.610345276503373,0.458231475973548,0.491586761481853,0.0333811009050934,0.377033390536405,0.455280594066565,0.495473384653172,0.505454934298448,0.509940325951963,0.528789481321824,0.46887901285374,0.0467603948174243,0.562039979052066,0.49024264185779,0.458231475973548,0.290650627649855,0.458231475973548,0.458231475973548,0.253183242012151,0.491612576873725,0.554653626135203,0.458231475973548,0.458255675700182,0.373275626524566,0.0752303036754265,0.536120711415432,0.53881817413147,0.373082815611686,0.536120711412751,0.491612576878641,0.432684219798475,0.458231475973548,0.536120711415432,0.53614752105123,0.491612576878641,0.32949628611203,0.427869180160646,0.449199763963503,0.498356233621791,0.430212806477952,0.290355994264115,0.2114636374178,0.327616907857564,0.536120711423475,0.436526519104793,0.491612576878641,0.522141422335208,0.458231475973548,0.511040388186088,0.458231475973548,0.470604133650426,0.579879196160312,0.213727474572515,0.535905109164589,0.401855080909436,0.494948980489213,0.422389175947512,0.508637924100727,0.530647108182127,0.541929501903571,0.569879259750727,0.603148397782931,0.0427010602917363,0.313087019274009,0.296637300724988,0.27208474034002,0.258544209984133,0.196990700866364
"18",0.233292580552989,0.223553251088833,0.0554349340192254,0.236708761652365,0.198208000046334,0.186151160369615,0.111760124578845,0.294345555751124,0.330416423202956,0.219591118942129,0.245914057603971,0.311283060498647,0.27118763175728,0.411611236587919,0.529153288555038,0.673223937266591,0.436200176466184,1,0.0596614490051428,0.177134177119825,0.266326788022929,0.155633103468813,0.214174454826171,0.188289914299616,0.111760124578845,0.433235204232039,0.352567586603629,0.111760124578845,0.217439916858573,0.211838006228286,0.468879008187702,0.376629787826771,0.464791150003348,0.266246132740432,0.284623844542156,0.256772030769628,0.142652145476654,0.0264153946903171,0.392627206608138,0.172837707381206,0.111760124578845,0.286343008715444,0.111760124578845,0.111760124578845,0.190374221149678,0.181615873693879,0.30250228445409,0.111760124578845,0.111766028559203,0.427025629741936,0.052830473870138,0.246912733615134,0.276105140705889,0.245705398062857,0.344150049083906,0.235813929433076,0.245706454986981,0.111760124578845,0.235308216481005,0.284041388256002,0.205096456355942,0.209586477640828,0.454939336790775,0.24719633953059,0.170583021775986,0.208873695780028,0.378581150240619,0.137108767430064,0.141491142771666,0.288949226328966,0.173215245150467,0.259117484394133,0.233550675106216,0.111760124578845,0.215342679097256,0.111760124578845,0.213774353816548,0.247250968019116,0.366948887626007,0.302936692342642,0.314721480622487,0.132717864378675,0.149697805889217,0.174663704428376,0.439475081559858,0.407340106334248,0.337074211092818,0.30466090530835,0.026125709763649,0.478596718257818,0.176652905593513,0.442598555788431,0.188658440484836,0.327008879404641
"19",0.761791397332855,0.162909480563755,0.949965330188304,0.50986402106364,0.0295103604827048,0.783493091704825,0.471994366388713,0.42040696593162,0.389822030603995,0.201970823021826,0.323749162954302,0.27652623578061,0.470469181173656,0.0638895583034688,0.0739804514383722,0.105453606060062,0.0806151618667929,0.0596614490051428,1,0.123301344482981,0.0535922788287618,0.715494628366805,0.719017882414005,0.493164937689435,0.865796683570389,0.132723396248109,0.25981940192081,0.384313562756854,0.348543357969747,0.0264558976850082,0.386121522509277,0.05399031021814,0.107606637536018,0.0506655104690912,0.0581132141307377,0.0782703845183642,0.0258744061132999,0.945040904223598,0.0621920825065264,0.0569548879378742,0.432410922655013,0.0672127783893894,0.427911169649987,0.4736086612788,0.647853120353659,0.271689665608262,0.342278774446137,0.385120499063487,0.478675152390004,0.268642330309578,0.370672727316234,0.457741807992832,0.169271362905398,0.53843204456384,0.23670046522447,0.442265217515032,0.0934161457558291,0.420911553864393,0.316149580101371,0.378665081830498,0.451867204554426,0.450273002304406,0.1079153894774,0.285725231887727,0.206080695968825,0.56737045248764,0.109257147903244,0.834759125340607,0.594744061799606,0.304893272573501,0.0259278647497988,0.377071310159784,0.100241634517925,0.392818915991338,0.454379399892596,0.500107206752837,0.333223539521359,0.0996761627911831,0.147048362473334,0.0527035647491682,0.628314630795848,0.164303578910861,0.023283851471115,0.0472961766057386,0.121128186533996,0.26121946168035,0.0803406609788547,0.269807289666071,0.94725539522197,0.0657204997398502,0.755073703852786,0.0615535974571538,0.67686695494804,0.0590150287286954
"20",0.250953183079518,0.331858490553933,0.119380824032057,0.253030481339778,0.211158270426125,0.292634511235055,0.227845121799772,0.253030481339778,0.269963667127285,0.253017828959465,0.269977639161745,0.275155937389265,0.284918222815057,0.260308112065424,0.250401977799384,0.293210622786259,0.261732138431159,0.177134177119825,0.123301344482981,1,0.448363304014291,0.313407343932413,0.0845004119118892,0.253030481339778,0.206222789898028,0.299544750383752,0.289734766437161,0.227845121799772,0.253017193843327,0.025185359540006,0.241661325902312,0.225449571068386,0.515363793313113,0.215365264930788,0.229818844094481,0.246508600205772,0.184901020475991,0.0844925295671318,0.257081210723062,0.324990635048518,0.227845121799772,0.165455616988751,0.227845121799772,0.227845121799772,0.258208779564546,0.253030481337248,0.283834883108274,0.227845121799772,0.227857154962196,0.283840294382396,0.510574642656975,0.269977639161745,0.496906926660915,0.286783142879584,0.269977639160395,0.253030481339778,0.247402104405837,0.227845121799772,0.269977639161745,0.269991140307504,0.253030481339778,0.304254743112662,0.27683602553487,0.253030481339778,0.269732446738797,0.253030481338513,0.290952149113492,0.241482023709827,0.383800216408969,0.269977639165795,0.182729208302077,0.253030481339778,0.266115189564827,0.227845121799772,0.292459943803461,0.227845121799772,0.24478003917939,0.278394480227944,0.248219661366739,0.218789050215847,0.293989627026135,0.255036026896881,0.179278244486326,0.22168638666237,0.300553844402471,0.315545488626044,0.29690943819649,0.286210892655223,0.0799109916743692,0.162218376380397,0.284624975605771,0.145524520516482,0.403219557821,0.187650453070593
"21",0.186055784556803,0.279716302972368,0.0599802045599425,0.50817326145591,0.622427834873353,0.21765013705608,0.543419211416237,0.540029040695653,0.561323570115465,0.715386341060463,0.646315781370079,0.60611274749646,0.494403691389834,0.219325633231299,0.340688636650739,0.280262612336468,0.501894890541282,0.266326788022929,0.0535922788287618,0.448363304014291,1,0.276939859938161,0.103669489319987,0.548706184245895,0.149494219879995,0.633308496652819,0.683313555272089,0.614318706702149,0.688849603601773,0.101103412854047,0.244886446945443,0.45463537937857,0.495971392289948,0.718519977228294,0.733193576926138,0.732069593024278,0.626546452264318,0.027346965644148,0.740114146729108,0.672051533106931,0.583014985888482,0.158877650071274,0.587516140622932,0.541804413653072,0.273193892739822,0.678438606841565,0.515236349890891,0.614318706702149,0.536684338065655,0.372417664651793,0.267351301387649,0.56699543238299,0.797289323434033,0.228667382352253,0.706462697866273,0.576687836309982,0.504816637168962,0.594517936876521,0.695928509109797,0.624518891100625,0.590016782142071,0.31828729159929,0.440474588105889,0.521335026919242,0.688273646397346,0.474477553505125,0.217914565799485,0.173990016379415,0.422217786976831,0.620112206866556,0.442592443664294,0.618601590941088,0.730924836581136,0.614318706702149,0.436737426130713,0.515297613550198,0.455402422907537,0.704308740208636,0.22188655481173,0.465525858936453,0.297242385763195,0.599347569571294,0.443444901834404,0.6599065649445,0.527362124186923,0.339782800039774,0.554843525356133,0.698375024273261,0.0224861901585978,0.223434326218699,0.237423208787344,0.191922560675099,0.345876936947375,0.247439478095817
"22",0.8461546762759,0.384771392722863,0.742819902914856,0.685937204957437,0.255277103596382,0.898819953790932,0.670316231126813,0.596475239453859,0.572793597441119,0.378018304029919,0.506726571620269,0.453505477112675,0.658121003178066,0.142479815673987,0.259578912189095,0.255047331113454,0.277199633870446,0.155633103468813,0.715494628366805,0.313407343932413,0.276939859938161,1,0.689880813257595,0.669237204956769,0.832564673133303,0.324855864605839,0.45545814677632,0.582630614623305,0.524598442186785,0.00420659033016835,0.473798982883312,0.23131352373347,0.355751897082609,0.226581391493399,0.235911076985249,0.278912194795763,0.240301128881525,0.709943074820961,0.25448826174509,0.25359487081761,0.630730614625229,0.145228610943198,0.626230614625049,0.671930614626877,0.804607688752184,0.447200868243416,0.519203821009525,0.583437595223337,0.677007856582238,0.446115568021994,0.419653225561881,0.640726571625629,0.412701080594762,0.719232310700359,0.419673095714688,0.618334690854733,0.26891756281479,0.619230614624769,0.499126571619965,0.561654654355184,0.627937204955117,0.638869308486723,0.279399608485588,0.461237204948449,0.398837204945953,0.743446792956021,0.168837284395643,0.859512120018468,0.817851348975798,0.487869646226833,0.235371401925299,0.553137204952125,0.277644697815083,0.591136434723645,0.678916148753946,0.698430614627937,0.537893086637184,0.288755054458381,0.226768101648866,0.240381008596009,0.785648452405997,0.35950269215157,0.220936533308837,0.241130311569646,0.316455109615206,0.461882038926789,0.290084739144504,0.473063640128922,0.70582758694882,0.13884298140486,0.940984486244115,0.121297854710823,0.819373750987315,0.164059357530738
"23",0.742575389606606,0.124315674245863,0.694226016246116,0.5956,0.00636267231990451,0.715837217269771,0.4592856165,0.5637523931,0.54250970248403,0.270586470676466,0.3387,0.320537869163206,0.521399363898539,0.310999709533986,0.318073392101579,0.311073253792262,0.0554665767581605,0.214174454826171,0.719017882414005,0.0845004119118892,0.103669489319987,0.689880813257595,1,0.5305,0.6926,0.341940170396367,0.299693575109585,0.3716,0.415017064853924,0.3074,0.468572587181701,0.24879316746378,0.276150627623601,0.127260981936818,0.140725732144245,0.12174229998532,0.00700587781712603,0.69508287425593,0.260884353784782,0.0566813509638974,0.4197,0.0377207062608265,0.4152,0.4609,0.651,0.272208725087278,0.344608879489472,0.3724069806,0.465966098127249,0.521912832483481,0.351324337871018,0.4965,0.215542374564311,0.499719179967977,0.358502673798207,0.527103002,0.15799105327237,0.4082,0.3306,0.454722736136807,0.506,0.420248534105313,0.246732429085065,0.3518,0.2257,0.625285357106873,0.195770966990146,0.696556447422703,0.569174757245781,0.362861491605443,0.0107794361602694,0.4852,0.144925921803919,0.3801058201,0.433765412604338,0.4874,0.312384380780961,0.0965339159764439,0.393831014802278,0.0464348850893034,0.644216167945897,0.132625395362652,0.00752283719000002,0.01698342095,0.366741499243638,0.245014615156007,0.129429892111294,0.29979279978,0.697246742010459,0.315159456838424,0.702373188252441,0.312844560738411,0.649405854504374,0.324848177615447
"24",0.613905727094146,0.334372104791157,0.498599303130028,0.9349,0.475862672312862,0.632116591273484,0.9235,0.8939856414,0.857970815039597,0.708764561771911,0.8082,0.756766636007568,0.87196356199506,0.15719654672026,0.293908912832185,0.277888926728384,0.491612576878641,0.188289914299616,0.493164937689435,0.253030481339778,0.548706184245895,0.669237204956769,0.5305,1,0.6008904502,0.62409192364973,0.749820465159127,0.8411,0.855343869793397,0.0765,0.513067923793316,0.421839769759454,0.380727541229556,0.546861326426329,0.549047706770443,0.570211530298215,0.476533752893567,0.475529080008199,0.552802721078944,0.526043465498012,0.8892,0.140288924521634,0.8847,0.9235,0.7007,0.741708725082583,0.74989429176291,0.8419069806,0.923548766976737,0.533299540766965,0.388472430493843,0.9414,0.667745249813355,0.664691659629675,0.73594652409632,0.9490974859,0.507366205777611,0.8777,0.8001,0.87794389719486,0.9587,0.649523912002677,0.410038840981799,0.7162,0.6952,0.905214642895474,0.183395580908328,0.620697478981451,0.734891504847886,0.804143074612062,0.416252072970407,0.8839,0.592948200958238,0.8496058201,0.82600906310826,0.9235,0.71636418179091,0.565987287703384,0.261220638528245,0.434413671183484,0.71862295667983,0.602125395372042,0.41912950029,0.48648342095,0.5230510880034,0.501851250384739,0.485205701114852,0.7616177156,0.471636498057074,0.173008244429135,0.669378941553265,0.145026292832201,0.635686600368432,0.231925809467381
