"","1","2","3","4","5","6","7","8","9","10","11","12","13","14","15","16","17","18","19","20","21","22","23","24","25","26","27","28","29","30","31","32","33","34","35","36","37","38","39","40","41","42","43","44","45","46","47","48","49","50","51","52","53","54","55","56","57","58","59","60","61","62","63","64","65","66","67","68","69","70","71","72","73","74","75","76","77","78","79","80","81","82","83","84","85","86","87","88","89","90","91","92","93","94"
"1",0.5,0.00905686057044902,0.0244517925209425,0.00166546805073145,0.00120626669976396,0.0251504515588017,0.00732208048644868,0.00170948059403141,0.00182651171867228,0.00150431861855223,0.000604244391049461,0.00227253446201238,0.00173764119815973,0.00274657474891725,0.00294173047554276,0.00299810430980529,0.00272171424903906,0.00835065875534178,0.0143143128612023,0.00400027431824491,0.00175060293386055,0.0133350345589895,0.0198506181071941,0.0018436060366948,0.0186330068550112,0.00140783899775502,0.000810696739557078,0.000676772507072648,0.0010094180118318,0.00229665639350872,0.0165759343088686,0.00963811273139515,0.00945530536257076,0.00140892599438578,0.000984783071240326,0.00106094695872091,0.00257002736252793,0.0183313614919705,0.00309685823030299,0.00334477348591975,0.000626183766146522,0.00441098146066208,0.000674750720165497,0.0010864890515868,0.0125041211930425,0.000678539840485942,0.000699499248812623,0.0015621022292257,0.00135124379409643,0.00165068740700966,0.01717318293965,0.000889229864845675,0.000776859585124149,0.0110246626450012,0.000613839257956045,0.00697519672619036,0.00191226002936472,0.000649692285781054,0.000694338372377067,0.000752640085663233,0.00159324271193762,0.00171837743948581,0.00237445298276258,0.00115437072918293,0.00108996837567638,0.00225519994063832,0.00241653024423177,0.020012746588638,0.006306007124428,0.00150639525279198,0.00863540382358348,0.00175374282299678,0.00105651346465481,0.00132481562914256,0.000858229189901196,0.000662003715964688,0.00130021303482451,0.00217645390334901,0.00834151832433356,0.00834364574048299,0.0253011904735229,0.0082575512083585,0.00295133894356635,0.00696346148484903,0.00148562654815744,0.00331281141858683,0.00947242760935034,0.0021786022750601,0.0230518984026579,0.00714037613623841,0.0196606454745444,0.00265216653037366,0.00634789070355475,0.00262893541278079
"2",0.00905686057044902,0.5,0.00299884897345514,0.00318533898103133,0.00169098717100728,0.00991424968310739,0.00312580028217556,0.00401948964649586,0.00251711372260667,0.00897133583338884,0.00124977577596663,0.00160515142937274,0.0134314068942639,0.00292642213464826,0.00276617223872949,0.00323097069191457,0.00463717648727287,0.00388559498826807,0.00250584179302855,0.0190507843026437,0.00184261973311063,0.00350755530839435,0.00268522071756282,0.0022558633712141,0.00265934035697427,0.00241430427052395,0.00147530463339513,0.00176193100252639,0.00928038678480952,0.00216448273495095,0.00531563731172175,0.00492434908366732,0.0185303810060838,0.00182449207628534,0.00231858196679382,0.00196965575039786,0.00236359908087073,0.00280349676453983,0.002154269189895,0.00274045736650172,0.00147534462234042,0.0035702617323872,0.00104121297640309,0.00127881997181278,0.0194891747383706,0.00183018093306512,0.00242069900127313,0.00115344319234163,0.00224791662917143,0.00263281415266753,0.00490419334234728,0.00228749250169163,0.00177584347423007,0.0113744190057844,0.00159141232788938,0.0185041769769824,0.0115199256843743,0.00106407090771703,0.00147756180135755,0.001939150459299,0.00242932442825857,0.00901550274240597,0.00437918044030768,0.00304813860963506,0.00174042333186462,0.0041527903615313,0.0175124073983548,0.00284909519457266,0.003373979231125,0.00164451938647501,0.013365371167219,0.00249801208929838,0.0013306478790225,0.00163235481605583,0.00175601010393341,0.00100323161841548,0.00217542476938298,0.0019943084735439,0.0107645498295018,0.0119578665769586,0.00541664431001215,0.0281133053892993,0.00358405810377628,0.00227347628624545,0.00224523951330803,0.0140835569513578,0.0461204515170745,0.0030245227933902,0.00308750056415156,0.00268543020050781,0.00527162081374634,0.00281770255301057,0.00368365217983314,0.00270909766734868
"3",0.0244517925209425,0.00299884897345514,0.5,0.00156372984447773,0.00129252767045034,0.0243438125194028,0.00190741649473945,0.00159497515781584,0.00189333232290949,0.00154083599099868,0.000950483472247956,0.0026499626572931,0.00129874631848198,0.00804569384128362,0.00885885839313988,0.00446116791507056,0.00375312878493275,0.00919022162961641,0.017764426476484,0.00465704121049524,0.0017782755073448,0.0135346490296743,0.0203277037740106,0.00180676038028959,0.0213290708008363,0.00125106509194299,0.00123007644768601,0.000661927241473916,0.00094936076056658,0.00356887061419049,0.0106442300159214,0.0101265905930198,0.00431913102085702,0.00154819908034595,0.00107579533957847,0.00115980022534791,0.00308806840484997,0.0237953823359077,0.00337629496675105,0.00367449178723572,0.000597158628950105,0.0049302368523581,0.000645468402857912,0.00101778220732901,0.00615762971685906,0.00100638127882839,0.000710371086913344,0.00147916954333694,0.00127882394841168,0.0023685070483458,0.0182806099184997,0.000876264774005651,0.000923419816048671,0.0108806540498551,0.000948775302858352,0.00212680394288592,0.00146699572652386,0.000635906407068126,0.00103667687703732,0.000784547338871603,0.00136321413372903,0.00162675174884475,0.00226705772839928,0.00101686667835767,0.0012972681599832,0.00186730844802542,0.00271958287484816,0.0218249290122461,0.0123532661715084,0.00164374376484516,0.00276009731039607,0.00179458997343084,0.0011195024460626,0.00143790655061875,0.000787725666383278,0.000650516614242131,0.00126210703579825,0.0025421145593434,0.00872118983065436,0.00274264720029299,0.0127902111537527,0.00274677638107794,0.00405761329102585,0.00752726708457833,0.00230994086594117,0.00309036545153935,0.0031087451840847,0.00765267885109748,0.0243546288108716,0.00858215444931928,0.0193564666523839,0.004509494952743,0.0127299849765525,0.00817616868408039
"4",0.00166546805073145,0.00318533898103133,0.00156372984447773,0.5,0.00212842950618525,0.00146270849756903,0.0032825369735186,0.0366193241024634,0.0149298949173184,0.0158417128742768,0.00181592549136173,0.00174281060046516,0.0258600346303062,0.000510980974212695,0.000582856148254791,0.000525297034246028,0.000979022869515864,0.000676040243836349,0.0014647809131222,0.00150575151818988,0.00349866606914818,0.00377645920260482,0.0145292877764986,0.0211429213169947,0.00286171706149397,0.00239805395916395,0.00218922495435729,0.00207617393533336,0.0168017709349879,0.00138506094229628,0.00181393706832383,0.000980331593912357,0.000985190544784213,0.00159711270595811,0.00125124868261727,0.00143731539219849,0.00130441487192816,0.00150010303459566,0.00124244972786521,0.00120661284473751,0.00227383738577649,0.0020653723521089,0.00293072361081456,0.0035833952557928,0.0179732902657839,0.00306676209889681,0.00208483570503076,0.0032577333496465,0.0172307559276967,0.00201862798876125,0.00184907339830778,0.0191409928871521,0.00146646678917226,0.00200880066672438,0.00198005963314462,0.020832576456788,0.0171299795970047,0.00294779726617844,0.00176636385917004,0.0045818209909235,0.0138086056092692,0.00342143471303066,0.00356838357043951,0.00852342244532258,0.0026543344361539,0.0401952939109158,0.000903408714571913,0.00186143066290694,0.00285991065505917,0.00340601392291901,0.00275940881788011,0.00800131801026071,0.00216336366427828,0.0024281576559765,0.0125207861467303,0.00938663218227033,0.00305306019619206,0.00134124579035593,0.000784557441815542,0.00249713048758768,0.00265281931267553,0.00293404183959227,0.0013912071672319,0.00129930806308449,0.00130631768249611,0.00530773804420315,0.00242606288189845,0.00165086651616321,0.0015813696922569,0.000557026364593155,0.00385277729172516,0.000555221865117856,0.018209509081191,0.000604908075922657
"5",0.00120626669976396,0.00169098717100728,0.00129252767045034,0.00212842950618525,0.5,0.000784335258871914,0.00210828062875561,0.00291782798291541,0.00317692276110267,0.020748428135985,0.00446197121676853,0.00399770209979088,0.0018368714856974,0.00135919327776838,0.00102144348314512,0.00143447266097866,0.00244431541975711,0.00109312779172435,0.00218848339659124,0.00241161536480663,0.00629019148281335,0.00103116906218517,0.00166011520941022,0.00261521036246409,0.00154588745609325,0.00254891836982396,0.00384810498610075,0.00509552030716898,0.00290935357976966,0.00127825574514912,0.00245506651233794,0.00175733764383396,0.000958517029353632,0.0419376741671975,0.0203987609736718,0.0233008827243379,0.0228961061812459,0.00140691032699719,0.00675155412321061,0.0081360517250582,0.00890848096528831,0.00259361648424334,0.00291366142109999,0.0024463753624198,0.00178280315591948,0.00395526458185121,0.00918803811486044,0.00244065157751914,0.00245398269432788,0.00189711233088103,0.00138051634976053,0.00304198922062784,0.00437097824961431,0.00135492942488271,0.0100911173121324,0.00220386839069798,0.00203232788160551,0.00252137248496956,0.0166390295720615,0.00925988619503437,0.00838517350747233,0.0025929946532534,0.00167003886628963,0.00264185683929521,0.0198382896824885,0.00220280837958732,0.00466508137466162,0.00233193112376088,0.00344877673441219,0.00892148194580433,0.00162694545297814,0.00861882991315356,0.0210671558267133,0.00378980407998279,0.00270946271392019,0.00228253523521408,0.002822689232034,0.020459466122709,0.0012902072249566,0.00150863098905619,0.00153799207077371,0.0118403815015583,0.00938537373969132,0.0230738792949429,0.00166277120429548,0.00192383091581116,0.00154465773325962,0.00370781460904317,0.00190824615816454,0.00127013335283821,0.00152415342870881,0.000973161132873726,0.00175842048667366,0.000996313559573656
"6",0.0251504515588017,0.00991424968310739,0.0243438125194028,0.00146270849756903,0.000784335258871914,0.5,0.00753320238613408,0.00200226104333974,0.00228157827991149,0.00124986627262806,0.000593772356110255,0.00226117804675148,0.00194728710201099,0.00300790374726558,0.00325333980677584,0.00337881529374506,0.00276868310454136,0.00872563460109313,0.0144467480150524,0.00369801273922626,0.00127154637929973,0.0207384986461855,0.0127281680212523,0.002131683964434,0.0199858597832523,0.00150653823911789,0.000813108148144351,0.000628053099143725,0.000928105873429424,0.00244448222069385,0.0112702515473622,0.00963456369319017,0.0149461899158513,0.00105069171089966,0.000738698684355912,0.00076016661537716,0.00204572509789596,0.0183459346189186,0.00320829671035752,0.00245442489944195,0.000587513300015301,0.00451525175075207,0.000622789814229793,0.000782057421416656,0.0115694468259646,0.000624287871056361,0.00069049363109745,0.00126533553088499,0.00122556282094185,0.00182408705507652,0.00655750302114646,0.000916508981471656,0.000746425889257763,0.0114941940042817,0.000572157417664802,0.00746508145012668,0.00186048028622183,0.000628815697041228,0.000640050406535957,0.000782620007313204,0.00139469150085533,0.00203175436088166,0.00307712663442207,0.00106812553400082,0.00081873921660891,0.00276382194315607,0.0028037684230462,0.0212447710593782,0.01284123878271,0.00152378713596368,0.00915302142765835,0.00208899163251027,0.000641628497356892,0.0013546609066248,0.000805127828188402,0.000644323250847875,0.000985618512151242,0.00198741670145813,0.00861471138043044,0.0088207121483723,0.0206987412101427,0.00878255524855833,0.00271754581848278,0.00210046422007487,0.00180647696841791,0.00416384246357404,0.0104393061044626,0.00213759252698347,0.0190097542252739,0.00740700322960272,0.0207065854286946,0.00290963945516705,0.0132681631786126,0.00286657905458681
"7",0.00732208048644868,0.00312580028217556,0.00190741649473945,0.0032825369735186,0.00210828062875561,0.00753320238613408,0.5,0.00203605191898753,0.00220339461436721,0.00161085779168905,0.00314045828452419,0.00225551883520513,0.00281541574123514,0.00118150804009472,0.00130157009409246,0.00116199167299538,0.00151794648440098,0.00160652735368557,0.00172583145308427,0.00166609138257386,0.0108082466397042,0.00194522504380536,0.00342205573657444,0.0101977950339169,0.00190577176132207,0.00221812513487972,0.00280675079564869,0.01916165741939,0.0168208316239294,0.00135574378293471,0.0089995514838982,0.00180733335552028,0.00240236946485797,0.0019561410582587,0.0024981957039218,0.00249911220978504,0.00142937759232709,0.00157814034439926,0.00248498088216389,0.00910353891957761,0.0200881833830231,0.00174951587926471,0.0220904348801131,0.0215839290850046,0.00233548912038176,0.00479709525876859,0.00293478177163873,0.0206324358808264,0.0233903016492578,0.00360352756188047,0.00182750500747505,0.00215448781210056,0.00274384030561909,0.00201021076890049,0.00299433533182262,0.00207404624663174,0.00851050951129313,0.0223953937516389,0.00451600455545827,0.00253160921986791,0.0118335900926856,0.0024153432957634,0.00238925416025051,0.00296071540279561,0.00232109230741803,0.00994253518014242,0.00280605680199921,0.00212057563098837,0.00215501979204874,0.00223740918775648,0.00362510676869051,0.00257030717968495,0.00294791959678125,0.020837172994543,0.0118747296016793,0.0207602740354026,0.00365867021568843,0.00202692161535674,0.00700047026905659,0.00889830843415947,0.00933255866024248,0.00993838596196915,0.00190680325365355,0.00150507336704307,0.00309760313659301,0.00258472661495629,0.00335138358475915,0.00195293793035944,0.00177679311554998,0.00142957110938412,0.00271313881098959,0.00117986019310099,0.00200322340281529,0.00121480953265288
"8",0.00170948059403141,0.00401948964649586,0.00159497515781584,0.0366193241024634,0.00291782798291541,0.00200226104333974,0.00203605191898753,0.5,0.0261490090974598,0.0156060026664182,0.0022616804467032,0.0017590551653068,0.0385009469050157,0.000555033163557043,0.000620620997956022,0.000574662728407596,0.00112505767839493,0.000726805037700504,0.00138240973211419,0.00154558702743254,0.00198591885203962,0.00957844707197271,0.00271314217811441,0.0160922902903718,0.0039964311576761,0.00199157603967284,0.00190436705018327,0.00126339832485791,0.00602267644190975,0.0013171661559594,0.00239800019496106,0.00101384467029676,0.00115358000189136,0.00163180311161395,0.00154800837552723,0.00168488970290723,0.00141577714986391,0.00145771354267436,0.00113848450432708,0.00117525839898766,0.00172069392980284,0.00184348422503444,0.0013842626227439,0.00193965211467651,0.0065653145533523,0.00225556051632256,0.00231470703228098,0.00167311556231321,0.00933869395532778,0.00136222958136969,0.00192246281609667,0.0206777248062195,0.00256458623749902,0.00212506571026048,0.00232557667804102,0.0294773648477276,0.0108817474477588,0.00176482425895439,0.00186224209457003,0.0191433671046659,0.0135852078803831,0.0025070865938325,0.00344318435247367,0.00253250698536521,0.00238767819427406,0.0243530832093531,0.000908373982550778,0.00228909852835134,0.00292696438524753,0.00421013784359045,0.00262504861912619,0.0247142832671842,0.00163063019545017,0.00127823088743326,0.00475278585276792,0.00211956715921087,0.00177533527734873,0.00129999660573371,0.000908570286753538,0.00203215771245301,0.00269346148820804,0.0102839469098851,0.00130878713640797,0.00134126184965632,0.000949089717110294,0.0132758865287777,0.00311186043716605,0.00173924931283558,0.00153092114958922,0.000596985925773054,0.0156398328649266,0.000595256171716218,0.0175858092068571,0.000631298453465853
"9",0.00182651171867228,0.00251711372260667,0.00189333232290949,0.0149298949173184,0.00317692276110267,0.00228157827991149,0.00220339461436721,0.0261490090974598,0.5,0.00320464627731273,0.00397097269984135,0.00239317972631416,0.0161488424288257,0.00116636265975956,0.00134537172037531,0.000976374490982947,0.00134400410573998,0.00133919213732881,0.00154992440521669,0.00167309335883651,0.00263548724698751,0.0159458299967273,0.00304264260727281,0.0386712827188682,0.0173841006528245,0.00345499657409154,0.00883796319821178,0.00139670756139406,0.0121061851445928,0.00701294078388394,0.00166555451867689,0.0014752575522478,0.00166761378094991,0.00129942977418112,0.00158907017266518,0.00167984068438389,0.00127455980564562,0.00172844888125906,0.00123974045454615,0.00130023954830866,0.00198710039515636,0.00178792049725556,0.0018380503467291,0.00223659929719736,0.00433243607658721,0.002950821561728,0.00292560557728571,0.00161328521740412,0.00329469169200385,0.00193502594333131,0.00180919907015743,0.0208238678505993,0.0100504335616077,0.00168714585216491,0.00366825716392328,0.022247847256991,0.00384559364523031,0.00267271972125246,0.00293691804049199,0.0215803839062108,0.0143030952433396,0.0037079147108061,0.0168227565800974,0.00286083861410063,0.00792161103498881,0.00842011981111228,0.000964673236557504,0.00277885029728807,0.00264619928095943,0.00630074724695055,0.00222016319164223,0.0428027085878197,0.00155494204353547,0.00145294703735435,0.00475582166206087,0.0032847933615842,0.00198399524069194,0.00122051684620499,0.00137376066833523,0.00208140431150237,0.00199632392648526,0.00275209359821746,0.00120946314327066,0.00130316363668336,0.00259832590832489,0.00481862913623229,0.00214016895757375,0.00208165110704067,0.00178616421867195,0.00139381239819675,0.00386118450198649,0.00141059493197297,0.00436854756968709,0.00153574478238218
"10",0.00150431861855223,0.00897133583338884,0.00154083599099868,0.0158417128742768,0.020748428135985,0.00124986627262806,0.00161085779168905,0.0156060026664182,0.00320464627731273,0.5,0.00198315192424815,0.00235808323895493,0.00482024195526144,0.00115926683035197,0.000921336606712528,0.00123501903759579,0.00214405790095033,0.00101623634792152,0.00199133043671042,0.00266628928369828,0.00497872130878434,0.00200132791906811,0.00231435493457825,0.00272337257168379,0.00179157223487209,0.00247200925313291,0.00814041763235373,0.00312603804605057,0.00254727262155485,0.00123699280957804,0.00218716887727444,0.00164296535119724,0.00116650725401483,0.0217613884873173,0.01655887866268,0.0190399832597895,0.0177688504859435,0.00158130798603244,0.00488547527691009,0.0063432744996928,0.00257506610792796,0.0025331492985895,0.00238209670815258,0.00209743877890063,0.0153781524457734,0.00922161269339678,0.00241298272605195,0.00224603434373794,0.00285067297536248,0.00214927453146501,0.00180468286678166,0.00386413427407547,0.00217726612632727,0.00222544960124438,0.00904199401309437,0.00817013170461012,0.0140851678611092,0.00157197833248965,0.00309726379695339,0.00278087176667936,0.00296931762658897,0.00321046248813972,0.00219420301495259,0.0032006080542303,0.0192249910799961,0.0108578063123754,0.00377519565333754,0.00203995109471776,0.00368187513823126,0.00188627423132897,0.00221352299501457,0.00250919102727703,0.0231540714313455,0.00233938644556378,0.00871063605719304,0.00190551972430266,0.00283596245598215,0.0166253778236356,0.00123775059484074,0.00198405435057662,0.0024749397325274,0.0110879436370393,0.00330983727722563,0.0181318127356142,0.00150172412146866,0.00293378739437938,0.00268986299205199,0.00851197828167128,0.00199380217823691,0.00108890014140334,0.00757385454152022,0.000881102257372493,0.0146869047050904,0.000913134461570977
"11",0.000604244391049461,0.00124977577596663,0.000950483472247956,0.00181592549136173,0.00446197121676853,0.000593772356110255,0.00314045828452419,0.0022616804467032,0.00397097269984135,0.00198315192424815,0.5,0.018258891958356,0.00181427829133757,0.001129775405365,0.00149456818643243,0.00105393135999387,0.00212407003936299,0.00109682357027691,0.00176519969311426,0.00207842634416408,0.00361351695617476,0.000826747199924858,0.00157864417443487,0.00160051878274755,0.00135711264081409,0.00482438431837679,0.0315934725084228,0.00992131879410665,0.0178977425680828,0.00255815958598017,0.0017876425747284,0.00177446442737462,0.00110308493717803,0.00260594036232639,0.00795496788846737,0.00415213321899263,0.00179805700327003,0.000957273192562677,0.00232244893261288,0.0017127264222814,0.0159358635025738,0.00252670378287456,0.00396481982506783,0.00303264234814437,0.00127942606744228,0.0160812068163509,0.0234689711720306,0.00331429400189332,0.00288150597494908,0.00211361826390031,0.000931857095229953,0.00273113678505548,0.0281185506002443,0.0011225465409562,0.0330050309201558,0.00201112870151008,0.00244636722796831,0.0172766437564513,0.0224590699902436,0.0310028464585766,0.00293964293386837,0.00234566589652955,0.00208379497703257,0.00271889006736746,0.00311952399883358,0.00195240645047152,0.00237030329352905,0.00175522286769485,0.00142751910895738,0.0215906864513227,0.00164509287909612,0.00437179596206419,0.00213769569541689,0.00408465004753663,0.00279251229779926,0.00944011754937786,0.0104805531883905,0.00218175216470298,0.00116988269111664,0.0017114824476764,0.000773767658557752,0.00376221840051197,0.00155179301694174,0.00177230753397497,0.0140345991469673,0.00315968087107312,0.00141590661043557,0.0168086022388257,0.000932326302875798,0.00140126587574051,0.00087197493687152,0.00141458172897605,0.000942694203221805,0.00146395640394174
"12",0.00227253446201238,0.00160515142937274,0.0026499626572931,0.00174281060046516,0.00399770209979088,0.00226117804675148,0.00225551883520513,0.0017590551653068,0.00239317972631416,0.00235808323895493,0.018258891958356,0.5,0.00154401618166436,0.000741060293305521,0.000719787481412955,0.000839533588927723,0.00191797121870628,0.00113403339546661,0.0264270373859154,0.00142958973530385,0.00308856826378193,0.00239427800781543,0.00370912419957126,0.00145409830342509,0.00286490944274751,0.00378165211011482,0.0170125245635989,0.00804360599304503,0.00362161150130364,0.00152646449571038,0.00183866684354127,0.00128698541762848,0.00102150950147075,0.00367544493530942,0.00414428631366389,0.00750256860139711,0.00193980732604956,0.00248520456773606,0.00937437595992707,0.00234817329759774,0.00427863981117338,0.0369197286226646,0.00285201467941941,0.00278623517085772,0.00252413372847907,0.00945099744318001,0.022036878913605,0.00328012358132277,0.00233921772859821,0.00222653008718016,0.00203058365553914,0.00264642722033638,0.0127764674364714,0.00120853560963923,0.0118872345260597,0.00149870505124882,0.010511400705105,0.00390965632865036,0.0103473282163438,0.0109136975419934,0.00276024313615085,0.00500910440211663,0.00396016658202179,0.0166168203621547,0.00311575240244108,0.00157924834188991,0.00477541057709424,0.00926748794670802,0.00474125089604059,0.0252024377711606,0.00513364213320083,0.00324956818884062,0.00300296892865955,0.0131826884694658,0.00344243269258555,0.00311769831657085,0.0177780091500282,0.0140447361856861,0.000883361912446617,0.00501634140938651,0.00225128598428703,0.00272547341644714,0.00135940817146541,0.00194127486096052,0.00221502729097695,0.00990221191868873,0.00155573698402893,0.00291067166161743,0.00258641283811589,0.00072578069113314,0.00267597687079548,0.000687904910317833,0.00289449780389846,0.000724412800455999
"13",0.00173764119815973,0.0134314068942639,0.00129874631848198,0.0258600346303062,0.0018368714856974,0.00194728710201099,0.00281541574123514,0.0385009469050157,0.0161488424288257,0.00482024195526144,0.00181427829133757,0.00154401618166436,0.5,0.00109373425779995,0.00119375201235235,0.00107177333046699,0.00173739695274685,0.00111161657371797,0.00137897476259285,0.00180907413556051,0.00245594474487424,0.00369259337966065,0.00272971213028892,0.0144828570133116,0.00297791874600394,0.0025052478217562,0.00180078779679582,0.00130034656127249,0.0177485186582573,0.00172970977473842,0.00939691339166936,0.00177334547920599,0.00212363500045285,0.00109549895932052,0.000967217524043656,0.00104981927676874,0.00104752024401977,0.0012379315941844,0.0012011898787149,0.00122961195759582,0.00139908454011692,0.00500364374836347,0.00152750640406367,0.00205076481039935,0.01903877768583,0.00246573583697058,0.00191979849060402,0.00190505855451467,0.0035384838269441,0.00221863241480803,0.00162051720240688,0.0208640623919385,0.00162231797484125,0.00211268456633341,0.00187275961133538,0.0344901434890304,0.0175964312796161,0.00156739449078718,0.00183193996318114,0.00566338370822382,0.0138928239540494,0.00334757592113833,0.00348913464850878,0.00310266021770492,0.00198636719638658,0.0274276897826522,0.00193219564153931,0.00182066628111189,0.00231330093059037,0.0038618744552592,0.00361411576468927,0.00928516945230084,0.00149579791697712,0.00135929093588549,0.0121745079846512,0.00208033193259752,0.00259607223092793,0.00100288675964585,0.00693835774199887,0.003064992234826,0.00284573140960517,0.0113265205400162,0.00161840208470089,0.00100881996293459,0.00152093885113727,0.0136596726700894,0.0123086277984302,0.00187650596609296,0.00127770639243326,0.00117675069279414,0.0101946426197365,0.00114022205331988,0.00545923193526387,0.00117702007196842
"14",0.00274657474891725,0.00292642213464826,0.00804569384128362,0.000510980974212695,0.00135919327776838,0.00300790374726558,0.00118150804009472,0.000555033163557043,0.00116636265975956,0.00115926683035197,0.001129775405365,0.000741060293305521,0.00109373425779995,0.5,0.0282649175364987,0.0273459157681736,0.01628633618338,0.0233808920923252,0.00167801172783304,0.00937534289762212,0.00160195509378209,0.00196129154019017,0.00225565436972018,0.000897417268567405,0.00206939603511854,0.00195891219244856,0.00184563572406693,0.000990602912914641,0.000642048259881313,0.022157119223386,0.004901478047889,0.0164735737729814,0.0113654445188017,0.00152187836610997,0.00184058721677938,0.00159319384050368,0.00777244688572935,0.0117390184939991,0.00148827916265941,0.00950251220747132,0.000842349944867567,0.00201487137937463,0.000785832367615419,0.000477300676117541,0.00147005363820254,0.00150033399619718,0.000940768280456146,0.000495385299329256,0.000570718699685179,0.0112472255515644,0.0111014024065362,0.00104647960370593,0.00149916108106533,0.0140947605732712,0.00104181673554588,0.000789199189505381,0.000828955404286672,0.000717007821114679,0.00101369840696981,0.0010068347383538,0.000592968168353798,0.00162775868726771,0.00220345171234292,0.000644246285013551,0.00182240933364316,0.000675192329489135,0.0157777993270614,0.00168920828769907,0.00172706826308268,0.00113219805056214,0.00219668976526175,0.00106716547353547,0.00113452607236163,0.000902814090393823,0.000713393939954508,0.000781505180283344,0.00076380687897815,0.00157946990376371,0.0215946819319901,0.00256913737983662,0.00351303051567912,0.0022881293264416,0.0165363707371264,0.00807164124372654,0.0114888153795298,0.00317009366248195,0.00382340952723862,0.0134222630139683,0.00748726529707519,0.024752084585801,0.00160209618602426,0.0323448301004685,0.00152637649932222,0.0296896162724025
"15",0.00294173047554276,0.00276617223872949,0.00885885839313988,0.000582856148254791,0.00102144348314512,0.00325333980677584,0.00130157009409246,0.000620620997956022,0.00134537172037531,0.000921336606712528,0.00149456818643243,0.000719787481412955,0.00119375201235235,0.0282649175364987,0.5,0.0260926206781103,0.0130793595703656,0.0220375852028005,0.00134937821074644,0.00574246317273546,0.00193457035663769,0.00212623981528865,0.00235920472773305,0.00103828349640425,0.0021522538872464,0.00265571608825985,0.00234440176156659,0.000590810747217003,0.000732514154815031,0.0235297570853676,0.00534115962800313,0.0190396022543287,0.0127448650700277,0.000975571010080316,0.000887233740788362,0.000871152374845037,0.00372239475549002,0.0088694503040489,0.0012979753053283,0.010297514299631,0.000563292676495231,0.00164677896186642,0.00119123484252065,0.000543284115793039,0.00147131013968319,0.00170168959047919,0.000708853827217874,0.000563553521059219,0.000637008933597478,0.0139230602099053,0.0122459246886139,0.00118184579788877,0.00175716043225038,0.0109650173855938,0.00110997482923453,0.000885368496304134,0.000889925632328701,0.00114969896460772,0.00100759940437768,0.00112571656179966,0.000704339747591433,0.00175920251697087,0.00270245919018386,0.000713482679256603,0.00196080636532987,0.000763608628573771,0.00459759586872541,0.00166858320638687,0.00153320548820378,0.00129586120535882,0.00238702572383804,0.00122178205814989,0.000960021012901075,0.000622032869059233,0.000859147230844961,0.00122698598741465,0.000924702186664755,0.000941397022096892,0.0217010147336238,0.00281567409483793,0.00382943180904722,0.00229024257167458,0.0129984318124637,0.00846120894960018,0.0200143924937025,0.00936287534966873,0.00398313762466182,0.0103609811140465,0.00398462860403227,0.0300653480291208,0.00163377444335133,0.0302609110263076,0.00154556410945585,0.0285778239466038
"16",0.00299810430980529,0.00323097069191457,0.00446116791507056,0.000525297034246028,0.00143447266097866,0.00337881529374506,0.00116199167299538,0.000574662728407596,0.000976374490982947,0.00123501903759579,0.00105393135999387,0.000839533588927723,0.00107177333046699,0.0273459157681736,0.0260926206781103,0.5,0.0228446449241756,0.0304664752935566,0.00176941583158944,0.0114207924336764,0.00144852096455871,0.00186875130300348,0.00204779302476457,0.000762875745993729,0.00191244067469224,0.00193899387229337,0.00158779565096738,0.000627234751455752,0.000637165620827939,0.0115104284280112,0.00555935081742971,0.0180349299977441,0.0194837683514116,0.0014729837896486,0.00133950131266434,0.00128981922958855,0.012599449548814,0.0124544352795347,0.00136606334328997,0.0103604189659696,0.000554089852821027,0.00520213705657442,0.000612341116579658,0.000424769577366262,0.00159428537380878,0.00127641012952156,0.00068519236371913,0.00045183749718022,0.000543686422497705,0.00568282188896489,0.0120874175749978,0.000817003769459712,0.0012636058711772,0.0151630785749571,0.00102577786758786,0.00100793186241127,0.000919177688411622,0.000589552075807382,0.000977843245660701,0.000793485642937933,0.000584324286364754,0.00144922872720126,0.00250756306077778,0.000667149499675429,0.00160045431795349,0.000719753282016388,0.00941391547339325,0.00177249186945265,0.00157688128447227,0.000978973307235998,0.00255996245497353,0.00089000366302986,0.00113376799060265,0.000621950723134124,0.000621172881344118,0.000619755317988946,0.000677983663382741,0.00142969054253287,0.0183716902252833,0.00310991069351183,0.00384317058070762,0.00266215700824375,0.0179559767883042,0.00857606185326915,0.00589224339160789,0.00380073048388733,0.00406450997249778,0.0143753333869508,0.00795583689585819,0.0244427138361475,0.00167687732074997,0.0286663144640688,0.00157597641466707,0.0266435719622143
"17",0.00272171424903906,0.00463717648727287,0.00375312878493275,0.000979022869515864,0.00244431541975711,0.00276868310454136,0.00151794648440098,0.00112505767839493,0.00134400410573998,0.00214405790095033,0.00212407003936299,0.00191797121870628,0.00173739695274685,0.01628633618338,0.0130793595703656,0.0228446449241756,0.5,0.0192466430215989,0.00241440868427181,0.0124598297592824,0.00247904748529798,0.00237418175138588,0.0022555587442388,0.000951514073644219,0.00211079792559947,0.0090788527983456,0.00831237648333498,0.00119943072135168,0.00147123454512961,0.00475765738063973,0.0053678264095154,0.0065641250311055,0.00537867043151565,0.00311588906013468,0.00232723693540996,0.00223627573309714,0.0152771623023749,0.013826061436854,0.00878449409490938,0.00532434824711181,0.000938396635275675,0.00291108863616779,0.000937272316068449,0.000811108369415383,0.00241966837583952,0.00169795939012651,0.00156674223978941,0.00112010809290107,0.00126813098748204,0.00440033955700333,0.0131436265613886,0.00119983672014861,0.00244377900445727,0.0170539792997413,0.00248281709898389,0.0016150590735846,0.00230405204883224,0.001237014046999,0.00190615138279353,0.00127305691436285,0.00118788906721558,0.00202809814558715,0.00285618311091001,0.00180457227053561,0.00228867088438789,0.00135700208186596,0.00420683276441779,0.00246469319100269,0.00294672884956085,0.00188849798151863,0.00355413981819226,0.00111174634329556,0.00215577042976786,0.00153923791999762,0.00137770655254126,0.00114868952806462,0.0015398647877282,0.00681359440685866,0.00522149897796668,0.015836063799548,0.00321285493150939,0.00336756433096273,0.0268075801469273,0.00435582231070322,0.00406276123613801,0.0198060961688366,0.0190548816406873,0.0165180444185603,0.00410938771079501,0.0120746602105463,0.00243477541026709,0.0167040504209732,0.00211935164893728,0.0164428956857407
"18",0.00835065875534178,0.00388559498826807,0.00919022162961641,0.000676040243836349,0.00109312779172435,0.00872563460109313,0.00160652735368557,0.000726805037700504,0.00133919213732881,0.00101623634792152,0.00109682357027691,0.00113403339546661,0.00111161657371797,0.0233808920923252,0.0220375852028005,0.0304664752935566,0.0192466430215989,0.5,0.00238322010517859,0.00640300612449933,0.00140037321280553,0.00253170086103882,0.00215152924955312,0.00104502941903425,0.00235535737417611,0.00211686467926584,0.00149186304736008,0.00107517143014587,0.000853670121270779,0.00665587364014241,0.0262099308141415,0.00750956897897101,0.0258431920905483,0.00127935014953558,0.00170910171419792,0.0014112156495292,0.00388736619388139,0.00485344785899235,0.00149394747483224,0.004440354003982,0.000927291275289238,0.00673409351135242,0.000691607524005101,0.000549850707694335,0.00186236260078772,0.00113218062243442,0.0011319839646279,0.000582785468815435,0.0010320457919118,0.00503058519924015,0.00641696457989087,0.000802442093317615,0.00108776179542441,0.0111889836528981,0.00108580569231823,0.00132624782874192,0.00179123135716454,0.000691514007021033,0.00105558866241476,0.000785540745199268,0.000962862958028149,0.00188762930586986,0.0148300635915813,0.00127676492684347,0.0012345665195493,0.00101680721134549,0.0157718990561555,0.00218180816389163,0.0019494517991676,0.00106946887806333,0.00365545389376604,0.00117693923494871,0.000866879088332213,0.00102063721243265,0.000746250610290497,0.000693486343221482,0.000800474750880817,0.00161276283872238,0.00829479863370707,0.0092718487193592,0.010412368970696,0.00296724481164191,0.0128714387379081,0.00389366760479706,0.00494668272715039,0.0116631170792769,0.00482351920421789,0.0101908786251566,0.00849570346535959,0.030029475736971,0.00207998273422984,0.0207846862543152,0.00187123735318974,0.0135587991359667
"19",0.0143143128612023,0.00250584179302855,0.017764426476484,0.0014647809131222,0.00218848339659124,0.0144467480150524,0.00172583145308427,0.00138240973211419,0.00154992440521669,0.00199133043671042,0.00176519969311426,0.0264270373859154,0.00137897476259285,0.00167801172783304,0.00134937821074644,0.00176941583158944,0.00241440868427181,0.00238322010517859,0.5,0.00275686253970679,0.00276646211690944,0.00980980539137469,0.0153608787121596,0.00146711695426123,0.0155653610143363,0.00177877538045404,0.00180124835489741,0.00193292074431415,0.00132619664490476,0.00132355961786735,0.00272080984822944,0.0027493518230721,0.00223243070638929,0.00386320085539037,0.00319204230519803,0.00276938898470577,0.00246642293822828,0.0169845179352957,0.0218100506674068,0.00328083806992664,0.00137664169456559,0.054235785218141,0.00100648725486552,0.00134000449699515,0.00902558547529313,0.00123946907497654,0.00220751437861712,0.00165355719381641,0.00149293601501664,0.00125382682508904,0.00828160775159192,0.00101894886052719,0.00180284078111442,0.00368960129294317,0.00137991158112704,0.00161492234395137,0.00464771828661735,0.0010460368434885,0.00144086486282183,0.00133558750559969,0.00153417207667748,0.003165191602548,0.00381076523854597,0.00345339720616775,0.00172308852543517,0.00195705908275487,0.0136522238517567,0.0229482883053727,0.0244066139371183,0.0105129429469276,0.00486495431674756,0.00173584842582821,0.00185452587401467,0.00980973147428475,0.00107501368726949,0.000938185890760247,0.0023045770376846,0.0214330010417843,0.00198218541479503,0.00477384631516866,0.00892306001394519,0.00191707758047029,0.00200602230808938,0.00234168046716987,0.000866209388535445,0.00267502046767698,0.00286909063138584,0.00152703718336496,0.0174153079473773,0.00144676761796566,0.0143214429116664,0.00131041815456136,0.00993205274817525,0.00137500414988806
"20",0.00400027431824491,0.0190507843026437,0.00465704121049524,0.00150575151818988,0.00241161536480663,0.00369801273922626,0.00166609138257386,0.00154558702743254,0.00167309335883651,0.00266628928369828,0.00207842634416408,0.00142958973530385,0.00180907413556051,0.00937534289762212,0.00574246317273546,0.0114207924336764,0.0124598297592824,0.00640300612449933,0.00275686253970679,0.5,0.0112443757915289,0.00311706572034028,0.00300720765807965,0.00109009798745414,0.00281029868107467,0.00245713174138041,0.00226972334764877,0.00138084541322468,0.00193262625031645,0.00363724340612197,0.0116373333104095,0.00569357287701785,0.0217641473729071,0.00288137300423286,0.00280123671679885,0.00236998822259328,0.015942087915523,0.00984801023057203,0.00324414974852967,0.0141798767016195,0.00133078797218525,0.00212736798055504,0.000942453807247414,0.00118041867218427,0.00376329666727624,0.00140347718226842,0.00185015217875892,0.00094777326095451,0.00133050956875288,0.00314194396451958,0.0395825711683757,0.000937842206667885,0.0184984546974019,0.0182414528323596,0.00216398243104422,0.00214115772015448,0.00186634875644934,0.00148943650664909,0.0019293526716709,0.00173625359119964,0.00108241555595578,0.00175246451243069,0.00209542086616552,0.0012251533093223,0.00194211526308441,0.00233105545320365,0.00871034430334912,0.00307322289865854,0.00950642272616346,0.00173536975640783,0.00288795473664111,0.00158776245516508,0.00184593673801078,0.00162237179998736,0.00100350952949592,0.00101100356741601,0.00109827273222888,0.00255370468876466,0.00509257749394568,0.00299906654313121,0.00406993019362663,0.00383608671721771,0.0138206900194649,0.0100603259834932,0.00314802148449722,0.00396185594990045,0.00546936686460279,0.0103052614902983,0.0146829971186504,0.00517703918833869,0.00289926981749011,0.0152058479751876,0.00991176430935212,0.0105580947387724
"21",0.00175060293386055,0.00184261973311063,0.0017782755073448,0.00349866606914818,0.00629019148281335,0.00127154637929973,0.0108082466397042,0.00198591885203962,0.00263548724698751,0.00497872130878434,0.00361351695617476,0.00308856826378193,0.00245594474487424,0.00160195509378209,0.00193457035663769,0.00144852096455871,0.00247904748529798,0.00140037321280553,0.00276646211690944,0.0112443757915289,0.5,0.00155927017833345,0.00938782078200423,0.00299285980229596,0.00142847062116113,0.00459655510385785,0.00347791157876842,0.00479097417312994,0.0165803254621436,0.00264032468461332,0.00270120397811104,0.00311313213875226,0.00174450603459958,0.0150702192326708,0.011911372579489,0.0126009630667487,0.00509109403744311,0.00160479598623862,0.0225678980120679,0.026703164989231,0.00439351576824719,0.00271397871326556,0.00516286765181848,0.016576412941627,0.00201500741283126,0.00369154881874868,0.00360610751088162,0.00461893638118489,0.00452878776999668,0.0180910332358581,0.00242146028410327,0.00248250411394953,0.0219638544072005,0.00167671841308371,0.0036437014970838,0.00153446347357551,0.00281127539178821,0.00488565861611793,0.00396046388060591,0.00341225225457241,0.00335210614493209,0.00304659218235011,0.00217049561452798,0.00903899002994774,0.00508456414347232,0.0105153593376815,0.00379399381430056,0.00238519355106447,0.00408213785733589,0.00296461316333949,0.00215011549276372,0.0027222642181305,0.0124751873560856,0.00499250269327747,0.00428480982900884,0.00997478379670761,0.00383274592342014,0.0109876280138266,0.00200100526701554,0.00254021956632074,0.00199341745821861,0.00226445190244068,0.0100518314713691,0.0117006919235689,0.00936086408641508,0.00288104693168132,0.00248750400230873,0.00224045068783352,0.00214074598515989,0.00187401850659928,0.00140898188922762,0.00171539464856583,0.00238096736276061,0.00211186566548922
